ID;Nazwa;Ilosc Real;Ilosc Fakt;Roznica Fakt Norm
5285;Żyrafa na baterie 127009;1;3;2
3681;Żyrafa na bańki mydlane 137336;113;121;8
3058;ŻYŁKA DO ZAPLATANIA /63930/                     963930;197;197;0
75459;Żelowy Pistolet XH085;0;32;32
74553;Żelowy pistolet plansza AK47-2;12;19;7
75458;Żelowy Pistolet M16-2 045366;27;11;-16
74246;Żelowy Pistolet M03+ Blister;0;39;39
74245;Żelowy Pistolet M02 Blister;0;35;35
75460;Żelowo Uzupełnienie Butelka M1 ;0;79;79
75461;Żelowe Uzupełnienie YT-001 /24szt displ/;0;128;128
2388;Żelazko na baterie 567311;0;2;2
59;ŻELAZKO B.O. Pryska wodą/960308/;0;0;0
4400;Żelazko 141999;17;19;2
5155;Żel pierdzący 24 szt. display 870999, 984016;3;19;16
1601;Żaglówka na baterie 993582;11;11;0
15034;Żabka skacząca /10szt w op/ ;0;125;125
4322;Żaba/12szt displ/ 24022;49;94;45
5187;Żaba na baterie 63992;0;0;0
73877;Żaba na baterie 2016-H2;0;36;36
1094;Zwierzęta świąteczne /147790/;2;2;0
1941;Zwierzęta konie 137237;3;1;-2
835;Zwierzęta gumowe /6 szt. w op./138326;0;7;7
3986;Zwierzęta gumowe /6 szt. w op./138296;0;1;1
5133;Zwierzęta farm 082797;0;0;0
4126;Zwierzęta farm 145010;0;0;0
2646;Zwierzęta farm 138111;0;7;7
470;Zwierzęta dzikie 8 szt. 303988;0;9;9
486;ZWIERZĘTA DZIKIE 4SZT. /ZR666C-24/  WOREK /214125/305166/;7;6;-1
708;Zwierzęta duże i małe - słonik balonik 301225;6;6;0
53;Zwierzęta domowe 8szt w worku /397041/;0;0;0
2865;Zwierzęta domowe 137244 ;12;12;0
5192;Zwierzęta Dinozaury 305135;0;4;4
4084;Zwierzęta Bimbom 136438;31;31;0
4182;Zwierzęta 748941;0;4;4
4436;ZWIERZąTKO NAKRęCANE                            008439;0;0;0
361;Zwierzątko na rowerku /display 12szt/ 312614;16;23;7
510;Zwierzątko na baterie /Q2816/129522/;0;1;1
701;Zwierzątko lampka 412894;15;21;6
1390;Zwierzątko do ściskania /display 12szt/ 407364;29;47;18
1139;Zwierzątko do ściskania /display 12szt/ 407357;16;33;17
201;Zwierzątko do ściskania /display 12szt/ 405865;0;29;29
34;Zwierzątko do ściskania /display 12szt/ 405858;2;33;31
345;Zwierzątko do ściskania /24szt display/ 407494;12;24;12
3319;Zwierzątko do ściskania /12szt w display/ 405834;1;2;1
3318;Zwierzątko do ściskania /12szt w display/ 405827;2;9;7
194;Zwierzątka z kulkami lwy /display 8szt/ 404238;0;0;0
3781;Zwierzątka z kulkami /display 8szt/ 403781;0;0;0
219;Zwierzątka miękkie dla malucha 303797;26;26;0
733;Zwierzaki - piotruś 301430;25;25;0
4088;Zwierzak z akcesoriami w worku 399779;26;30;4
1945;Zwierzak w jajku , display 12 szt. 399465;0;0;0
2679;Znikopis 967754;23;37;14
2676;Znikopis 966900;38;42;4
998;Znajdź mnie : przód i tył - słonik balonik 301232;6;6;0
734;Złotówki bilon - banknoty do zabawy - do nauki 300297;4;4;0
1135;Zgaduj zgadula /002553/;0;0;0
5298;Zestaw Żołnierzy /duży /360572/;0;0;0
4577;Zestaw zwierząt domowych 184782;60;60;0
71392;Zestaw znaków drogowych N2 (20 elem) w woreczku 064202;8;10;2
2890;Zestaw z syrenką 820584;25;28;3
2020;Zestaw z lalką 834685;0;5;5
4379;Zestaw wojskowy 63091;0;0;0
4138;Zestaw Wojskowy 312669;11;11;0
1750;Zestaw Wojskowy 312652;12;12;0
1867;Zestaw Wojownika 811698;18;29;11
5452;Zestaw wędka z rybkami 814958;0;6;6
1863;Zestaw Walizka - Narzędzia 18 elementów 305487;0;0;0
4130;Zestaw torów z wagonikami, muzyką 300971;0;3;3
96;ZESTAW SZCZOTECZEK DO ZĘBÓW /PB40307/           085091;22;22;0
4048;Zestaw Strażaka w siatce z hełmem 300000;0;10;10
2921;ZESTAW STRAŻAK Z KASKIEM MNJ. /60212/P    60212,803280;0;3;3
4175;Zestaw strażak 920461;28;42;14
4172;Zestaw strażak 916410;22;30;8
3558;Zestaw strażacki 803280;11;12;1
5076;Zestaw Strazak 885255;0;0;0
4273;ZESTAW SAMOCHODÓW;0;0;0
1264;Zestaw rycerza;0;0;0
1264;ZESTAW RYCERSKI Z HEŁMEM /62339/  BC962339;1;4;3
1984;Zestaw Rycerski Mały 966825;3;11;8
5238;Zestaw rycerski /G087914/;0;0;0
5325;Zestaw rycerski /G044154/ 941224/;0;0;0
92;Zestaw rycerski 995340;0;25;25
3674;Zestaw Rycerski 993653;0;9;9
3843;ZESTAW RYCERSKI-2MIECZE TARCZA /GO44767/        939153;0;0;0
4536;Zestaw Rycerski;0;0;0
5456;Zestaw rakietek 984590;0;0;0
4504;ZESTAW RAKIETEK                               984595;0;8;8
4383;ZESTAW RAKIET                                   69925;11;23;12
4459;Zestaw policyjny632378, 6323007, 320006;82;137;55
2922;Zestaw policyjny z kaskiem 73600,8145937;8;10;2
3236;Zestaw policyjny na blistrze 988878;0;0;0
4165;Zestaw policyjny na blistrze 981046;0;9;9
5671;Zestaw policyjny na blistrze 410005;46;50;4
1547;Zestaw policyjny na blistrze 400129;67;72;5
1476;ZESTAW POLICYJNY /66592X/;0;0;0
2683;Zestaw policyjny (pistolet z polskim modułem) 142354;0;1;1
2671;Zestaw policyjny 993844;0;0;0
4210;ZESTAW POLICYJNY 992618;0;0;0
800;Zestaw policyjny 963138;32;55;23
1701;Zestaw Policyjny 823318;53;57;4
3773;Zestaw policyjny 139422;0;1;1
4563;Zestaw policyjny 014584;0;0;0
4488;ZESTAW POLICYJNY                           691316;0;0;0
4460;ZESTAW POLICYJNY                                293005;0;0;0
4325;ZESTAW POLICYJNY                                122509;38;37;-1
974;Zestaw policjant 967815;0;7;7
4005;Zestaw policja 654870;0;0;0
1120;ZESTAW POLICJA 003984;0;0;0
4152;Zestaw policja /431471/;8;0;-8
134;Zestaw policja 966832;30;53;23
2319;Zestaw Policja 927212;13;20;7
4578;Zestaw policja 691311;35;38;3
4384;ZESTAW POLICJA 68904;0;0;0
5306;Zestaw Policja 0165320;0;0;0
4156;Zestaw pojazdów 3 wz. 215597;0;0;0
4202;Zestaw plac zabaw 946229, 814767;0;0;0
5007;Zestaw plac zabaw 805734;0;1;1
3830;Zestaw piracki 023785, 999409;13;14;1
4267;ZESTAW PIęKNOśCI Z BUCIKAMI;6;10;4
2789;ZESTAW PIĘKNOŚCI NO.924  /G075518/  BC          972570;0;0;0
5168;Zestaw piękności 993400;0;0;0
267;Zestaw piękności 511819;37;64;27
4250;Zestaw piękności 107082, 510706;30;80;50
1920;Zestaw piękności - różdżka 960063;0;5;5
4271;ZESTAW PIęKNOśCI;0;6;6
4268;ZESTAW PIęKNOśCI;0;0;0
4266;ZESTAW PIęKNOśCI;0;4;4
5668;Zestaw ogrodowy 454696;1;2;1
87;ZESTAW NOŻYCZKI+CĄŻKI  /PB1506/                 085063;24;20;-4
75496;Zestaw new baby z grzechotką różowy z kocykiem 100x75 048073;0;0;0
75497;Zestaw new baby z grzechotką miętowy z kocykiem 100x75 048073;0;1;1
3136;Zestaw narzędzi 900993;3;5;2
2333;ZESTAW NARZĘDZI  W PVC  /G060446/               958291;0;0;0
4028;Zestaw Narzędzi - Krzesełko /978886/;1;1;0
3183;Zestaw naczyń 963459;9;25;16
4339;Zestaw muzyczny 90126;0;56;56
3125;Zestaw muzyczny 871350;9;28;19
4482;Zestaw muzyczny 417215, 60427;56;68;12
4481;ZESTAW MUZYCZNY                                211496;0;20;20
211496;ZESTAW MUZYCZNY;0;0;0
1218;Zestaw mini koników 404158;12;20;8
2118;Zestaw militarny 995098;10;8;-2
5006;Zestaw łuk z karabinem;0;0;0
1167;ZESTAW LEKARZA W PUDEŁKU 304534;0;0;0
840;Zestaw lekarza /005169/;0;0;0
3761;ZESTAW LEKARZ W PUDEŁKU /GO44793/MPB69234       939368;0;0;0
4512;Zestaw lekarz 2 wz. 960650;6;11;5
5069;Zestaw lekarz 989049;0;11;11
4128;Zestaw lekarz 397539;0;3;3
4139;Zestaw lekarz 391414;0;0;0
5114;Zestaw lekarz  - walizka   302912;0;0;0
4071;Zestaw lekarski z polskim modułem dźwiękowym 145072;0;0;0
4073;Zestaw lekarski z polskim modułem dźwiękowym 138012;174;174;0
3942;ZESTAW LEKARSKI NA KARCIE  /G033164/923756;0;0;0
230;Zestaw lekarski na blistrze 993674;17;17;0
223;Zestaw lekarski na blistrze 409771;0;0;0
819;ZESTAW LEKARSKI /Q2719/129171/;0;0;0
2052;ZESTAW LEKARSKI /Q2718/129164/;0;0;0
5365;Zestaw lekarski /MPH59766x/597660;0;2;2
5098;Zestaw lekarski 942313;17;17;0
1115;Zestaw Lekarski 132799;7;7;0
5292;Zestaw lekarski   /107568/;0;2;2
4390;ZESTAW LEKARSKI                                 215146;0;0;0
359;"ZESTAW LALEK 7"" W PUDEŁKU /MPA12116/            121162";0;0;0
5366;Zestaw lalek 13086 ;0;0;0
3004;Zestaw kuchnia /965736/;3;3;0
5395;Zestaw kuchenny361391;0;8;8
2191;Zestaw kuchenny Stół + krzesła 007510;21;29;8
2536;Zestaw kuchenny na blistrze 995746;0;9;9
5138;Zestaw kuchenny na blistrze;0;0;0
5201;Zestaw kuchenny blister TG369820/802184/;1;15;14
5296;Zestaw kuchenny /458325/;0;0;0
4573;Zestaw Kuchenny 803877;31;35;4
1383;Zestaw kuchenny 756197;0;1;1
5297;Zestaw kuchenny 496860;0;27;27
903;Zestaw kuchenny 447736;26;39;13
4161;Zestaw kuchenny 141821;1;4;3
5457;Zestaw kuchenny 069693;17;20;3
4066;Zestaw kuchenny  /986065/;0;0;0
5273;Zestaw Kuchenny  /973171/;0;0;0
4265;ZESTAW KUCHENNY;0;2;2
4535;Zestaw kuchenny;0;0;0
5318;Zestaw księżnczki, korona, diadem i akc. /004292/;0;0;0
1106;Zestaw kreatywny /128624/;0;0;0
1107;Zestaw kreatywny /128617/;0;0;0
220;ZESTAW KOWBOJA NA KARCIE /G045030/              949251;0;0;0
252;ZESTAW KORALIKÓW PUD./022732/REG                613628;0;0;0
2107;Zestaw koralików i ozdób 3 wz. 309485;0;0;0
4574;Zestaw koralików 295245;36;36;0
3532;ZESTAW KOŃ 30CM.+K0NIK 18CM. /MPF63909/         639094;0;0;0
1913;Zestaw koników Llili 5 szt. 300666;6;6;0
5142;Zestaw karabin z łukiem 872856;0;1;1
2273;Zestaw herbaciany 028501;15;15;0
1305;Zestaw grzechotek 392039;0;16;16
5183;Zestaw gier plenerowych 303315;5;5;0
123;Zestaw fryzjerski 682163;0;12;12
1262;Zestaw fryzjerski 137138;0;0;0
5402;Zestaw fryzjerka 056090;0;7;7
3133;Zestaw fast food 407999;9;9;0
584;Zestaw fast food - Sandwich /display 10szt/ 408002;44;46;2
2018;Zestaw fast food - Hamburger /12szt display/ 407968;9;10;1
5394;Zestaw domek168216;8;10;2
4122;Zestaw do wędkowania 312287;5;22;17
3593;Zestaw do tworzenia bransoletek 404356;29;31;2
3684;Zestaw do tworzenia baniek mydlanych 147649;11;22;11
3293;Zestaw do tenisa stołowego 428769;3;10;7
714;ZESTAW DO TENISA-2RAKIETY 53CM. /SPY112810      098053;4;4;0
45450;Zestaw do tenisa;0;0;0
575;Zestaw do sprzątania 879831;12;12;0
146;Zestaw do robienia biżuterii 310627;0;2;2
1914;Zestaw do robienia baniek 964838;0;9;9
4038;Zestaw do Ping-Ponga 2 paleczki 3 piłeczki 315240;20;20;0
4215;ZESTAW DO PIASKU DUżY                           300132;0;1;1
1767;Zestaw do paznokci 400735;10;11;1
1869;Zestaw do herbaty 822403;15;18;3
1868;Zestaw do herbaty 818413;30;36;6
71239;"Zestaw do gry ""Waga"" (w siatce) 053770 ";1;1;0
4168;Zestaw do gry 994473;1;9;8
5191;Zestaw do golfa 301700;19;21;2
4279;ZESTAW DO BANIEK;0;11;11
412;Zestaw do badmintona 994480;5;18;13
1323;Zestaw dinozaurów 601732;1;11;10
4364;Zestaw Budowniczego - Kamizelka, 4 klucze 112094;14;16;2
1805;ZESTAW BOKSERSKI MNJ.  /261799/                 617995;0;1;1
4270;ZESTAW BOKSERSKI;0;5;5
3595;Zestaw autka metalowe 014874;0;6;6
3224;Zestaw aut 995579;31;34;3
4129;Zestaw 6 zwierząt domowych 309676 ;1;18;17
4157;Zestaw 4 aut budowlanych 308891;0;9;9
71370;"Zestaw ""Samochód osobowy z przyczepą"" (kontener) 056658";1;2;1
2686;ZEST.WIĘKSZY Z SUSZARKĄ B/O.  /MPG51070/  10706,392816;0;0;0
1299;ZEST.STRAŻAKA 923616;0;0;0
2952;ZEST.RYCERSKI,TARCZA,MIECZE,NAPIERŚNIK/GAZ      958901;0;0;0
1709;ZEST.POLICYJNY+KAMIZELKA,KASK/66118/SIATKA      661187;0;0;0
1214;ZEST.DO ROBIENIA BANIEK Z RĘKAWICĄ/G063098      956785;0;0;0
443;ZEGAREK DZIECIĘCY PLAST.DUŻY X10                009807;280;311;31
648;ZEGAREK BRANSOLETKA  X10  MAŁY;250;906;656
71257;Zawieszka Sowa z dodatkami 25cm 049384;1;1;0
922;Zamek z kucykiem pudełko 404283;0;2;2
3491;ZAMEK DLA LALEK MNJ. /G045136/                  948599;7;7;0
1071;Zamczyszko Wyspa piratów /324047/;0;0;0
5251;Zając Kołtunek 31cm w sukience /047151/;0;1;1
72754;Zabwka ruchoma kiwak osioł;0;3;3
5176;Zabawka samolot 001005;0;0;0
75579;Zabawka ruchoma kot, lemor ;0;15;15
4201;ZABAWKA RÓZGA;0;40;40
2030;Zabawka piłka 992943;0;0;0
4260;ZABAWKA PIERśCIONEK;0;36;36
75581;Zabawka na baterie pszczółka ;0;0;0
75580;Zabawka na baterie kaczka 0176791;41;71;30
5450;Zabawka na bat Żaba YJ-3008 0048817;52;40;-12
4505;ZABAWKA MUZYCZNA    /254565/;0;0;0
4097;Zabawka latająca świecąca 135301;0;0;0
1998;Zabawka kreatywna 138685;6;9;3
4200;ZABAWKA FIGURKA;0;21;21
212;Zabawka do ściskania /display 12szt/ 407340;24;48;24
1088;Zabawka do kąpieli /Q1971/119455/;0;0;0
3666;Zabawka dla malucha /8szt display/ 988663;0;0;0
3018;Zabawka dla malucha /12szt w display/ 403830;2;11;9
5137;Zabawka dla malucha;0;1;1
849;Yoyo z buźką duże 301366;0;0;0
15648;Wywrotka MAXI;4;3;-1
15653;Wywrotka duża II;5;3;-2
15672;Wywrotka duża;4;2;-2
14180;Wywrotka;1;0;-1
4333;WYRZUTNIA POCISKÓW                              115105;71;71;0
1030;WYRZUTNIA DYSK  /B6684/                         241264;27;8;-19
519;Wygibajtus 001518;1;1;0
4493;WRÓŻKA   /979663/;0;0;0
655;WÓZEK WIDŁOWY 18CM. /746266/  KLOSZ       15496,462668;0;0;0
3061;WÓZEK SKLEPOWY NA KARCIE /MPB44299/             442991;7;7;0
13044;Wózek marketowy ;7;9;2
11795;Wózek Kaja lux;2;2;0
11144;Wózek Kaja;0;0;0
11848;Wózek Iga lux;2;2;0
3135;WÓZEK DLA LALEK /06486X/8064865/;0;2;2
75578;Wózek dla lalek 649756;0;2;2
14351;Wózek Ania;2;4;2
11602;Wózek Alicja;0;0;0
10467;"Wózek ""Zuzia""";4;4;0
13279;"Wózek ""Madzia""";2;3;1
13888;"Wózek ""Daria""";5;4;-1
11146;"Wózek ""Daria Lux""";0;3;3
4311;WÓZEK;0;1;1
482;Wojsko z planszą średnie 3WZ. 28485,407471,305418;0;0;0
3702;Wojsko z planszą 305425;25;25;0
3288;Wojsko w worku + plansza 928485, 305418;12;30;18
3442;WOJOWNIK 794833;0;0;0
3568;Wojownik /display 6szt/ 399564;5;6;1
2163;Włoski zbiór 394517;0;1;1
2272;Wizażystka 942989;18;18;0
4580;Wizażystka 486323;20;24;4
15221;Winchester;0;50;50
1074;Wilk i Zając-Pogoń /324108/;0;0;0
3017;Wiertarka na baterie w zestawie 557602;39;46;7
2835;WIERTARKA NA BATERIE /61424/              57189,961424;0;0;0
74418;Wiertarka na baterie 571818, 961424;39;108;69
5130;Wiertarka na baterie 091744, 302851;0;10;10
4302;WIDLAK;0;0;0
4421;WIATRAK BROKATOWY                              807790;0;0;0
5125;Wiatrak 25cm;104;68;-36
5120;Wiatrak 23cm wielokolorowy;0;53;53
3275;Wiatrak 23cm holograficzny;76;51;-25
808;Wiatrak 23cm brokatowy;90;55;-35
1533;Wiatrak 23cm /10szt w opakowaniu/;0;60;60
5121;Wiatrak 20cm wielokolorowy;212;98;-114
11540;Wiatrak;0;5;5
721;Wiatraczek podwójny (8 szt.)136957;0;1;1
5278;Wiatraczek /12 szt displ/125043;1;8;7
12670;Wiaderko Muszelka Solo;40;20;-20
5532;Węże miękkie /12szt w displayu/ 203211;54;58;4
2012;WĘDKA+RYBKI - NEMO /ZR5823/                     013117;0;0;0
3057;Wędka z rybkami 977667;30;45;15
855;Wędka + 6 Rybek 3000766;0;0;0
1545;Wesoły dzbanek z melodią i klockami /ED2056C/000584/;0;0;0
3271;Wąż Gruby 80cm /display 12szt/ 205215;34;36;2
2524;Wąż gruby 65cm /display 12sztuk/ 205222;24;48;24
4125;Warzywa/owoce do krojenie 143375;0;3;3
4140;Warzywa/owoce do krojenia 143382;3;5;2
4160;Warzywa/ owoce do krojenia 143368;9;15;6
3974;Warsztat z narzędziami 139248;0;2;2
3109;Warsztat z masą plastyczną /130627/;0;0;0
1962;Warcaby & Młynek   802514;3;5;2
724;WAŃKA WSTAŃKA MIŚ ŚW/DZW      961585;0;0;0
1356;WAŃKA WSTAŃKA 4WZ./ZR981-991/                   215832;0;0;0
4321;WANNA 124121;0;7;7
1365;WALKIE TALKIE ze światłem 003806;4;7;3
1896;"WALKIE TALKIE ""POLICE"" /MPG56713/               567137";0;0;0
5115;Walkie talkie   304688;0;4;4
2017;WALKIE TALKIE-AUTA /HL361785/                   034445;0;0;0
4283;Walec 960274, 0065114;9;6;-3
100;WAGA SZALKOWA /CZ/                              000056;0;0;0
2108;Waga 310061;3;5;2
4164;Waga 137459;18;21;3
103;WACHLARZYK 21CM.  X12  304251;0;0;0
1069;WACHLARZ 21 cm x 10  304237;0;0;0
1440;Wachlarz /12 szt. w op./ 807981;95;215;120
522;WACHLARZ / 12 szt. w op./ ;727;1016;289
969;WACHLARZ - KWIATY C. X12  /TG365102/            878612;0;0;0
11811;W-60 Hulajnoga103663;5;6;1
15092;W-51 Taczka stokrotka z łopatką i grabkami 103632;8;10;2
70403;W-50 WÓZEK Z RĄCZKĄ ;2;2;0
15094;W-22 Super gra;8;5;-3
15095;W-20 Puzzle edukacyjne;9;4;-5
15088;W-16 Piramida duze kulki 101102;12;9;-3
15093;W-15 Piramida puzzle;0;3;3
15091;W-15 Piramida puzzle 100501;13;15;2
15089;W-14 Piramidka kółka 102406;15;9;-6
15090;W-13 Piramida małe kulki 101003;2;23;21
981;Ułóż wyrazy Girls (Fan) /9804051/;2;2;0
569;Ułóż Wyrazy Ekologia   804082;3;3;0
326;Układanka wąż 963862;216;220;4
2887;Układanka rzepy 400 el. 991052;0;0;0
4982;Układanka Rzepy + Pistolet (265 el.) 414010;14;15;1
25178;Układanka pianka;8;0;-8
991;Układanka patyki 100el. 414348;40;40;0
1586;Układanka Patyki 100el. 414324;40;40;0
954;UKŁADANKA MOZAIKA W PUDEŁKU /MPA33275/          332759;0;0;0
4462;UKłADANKA METALOWA                              463286;43;58;15
5017;Układanka klocki;0;11;11
5016;Układanka klocki;0;5;5
2674;Układanka gumki 810639;0;4;4
1031;UKŁADANKA EDUKAC.WĄŻ W FOLII /DAJ/ 293661,009238;0;23;23
5521;Układanka drewniana 994107;17;17;0
5520;Układanka drewniana 994091;14;15;1
340;Układanka 961826;0;19;19
5363;Układanka - pierwsze cyferki /803115/;0;1;1
5362;Układanka - kim zostanę /803146/;0;0;0
5361;Układanka - co lubią zwierzęta /803122/;0;2;2
573;UKŁADANKA-KOLOROWY SAD  (FAN)                   803108;0;0;0
30319;UBRANKO DLA LALEK /KAR/                         150016;0;21;21
5274;Ubranko dla lalek  /126873/;0;7;7
4349;UBRANKO DLA BOBASA;3;4;1
203;Ubranka dla Janka - Piotruś 300488;5;7;2
5541;Tukan powtarzający 137206;0;1;1
2043;TRUCK Z PRZYCZEPĄ MNJ.+ZWIERZĘTA /91901/NC      991901;0;0;0
1091;TRUCK Z PRZYCZEPĄ I ZWIERZĘTAMI /93127/NC       993127;0;0;0
1609;TRUCK LAWETA + 4 AUTKA BUDOWL. /926072/         260729;0;0;0
4437;TRąBKA Z FLAGą /008019/;0;0;0
2303;TRĄBKA ROWEROWA (METALIZOWANA) /PG1605/   16131,871095;0;0;0
1302;TRĄBKA ROWER.(PRZEZROCZ)962803, 800708;433;465;32
20216;Trąbka duża /10szt w opakowaniu/;0;86;86
4399;TRANSROBOT 209930;1;55;54
4013;Transrobot - motor ze światłem 003950;0;0;0
1660;TRANSFORMER AUTO WYŚCIGOWE 545906;15;22;7
3540;TRANSFORMER AUTO /MPB65229/G047336/   BC  45932,652291;0;0;0
2960;TRANSFORMER AUTO 45920,094536;0;48;48
135;Tramwaj 960544;9;13;4
2591;TRAKTORKI METALOWE Z MASZYNAMI, DISPLAY, 12 szt. /001444/;0;0;0
2741;TRAKTOREK Z URZĄDZENIEM-PRZÓD /210951/          109513;0;0;0
3751;TRAKTOREK PRZYCZEPA,ZWIERZ. MNJ./451038/        510386;102;129;27
2698;TRAKTOR+PRZYCZEPA 53CM+ZWIERZ./FA0488-98/612456;51;68;17
3705;TRAKTOR+2MASZYNY BUDOWL.NA LAWECIE/433276/      332766;0;0;0
1237;TRAKTOR610926;0;4;4
2537;Traktor ze zwierzętami fashion klosz 404474;24;24;0
4299;Traktor z wozem paszowym 964333, 800760;15;23;8
720;TRAKTOR Z WIDLAKIEM NA LAWECIE /433285/         332858;0;0;0
5074;Traktor z siewnikiem nawozu /604614/;0;20;20
5538;Traktor z siewnikiem 203518;9;21;12
3349;TRAKTOR z przyczepą+ zwierzęta 574108;34;37;3
4479;TRAKTOR z przyczepą + zwierzęta /4839661/;0;0;0
4006;Traktor z przyczepą + zwierzęta /139883/;0;0;0
3156;TRAKTOR z przyczepą + zwierzęta 155820;71;73;2
2452;Traktor z przyczepą + figurki 750481;48;52;4
5231;Traktor z przyczepą /MA9022C/;0;9;9
3031;TRAKTOR z przyczepą /993684/93684/;0;0;0
72330;Traktor z przyczepą /872245/;0;5;5
5061;Traktor z przyczepą /771587/;0;0;0
5302;Traktor z przyczepą 9001006, 969031, 876618;0;9;9
4318;TRAKTOR Z PRZYCZEPą                             119110;0;0;0
2315;TRAKTOR z prasą kostkującą 642732, 00777;2;9;7
3396;Traktor z pługiem na przyczepie 611824, 245422, ;23;27;4
450;TRAKTOR Z PŁUGIEM MNJ./5560317/  NEW.           603174;0;0;0
75232;Traktor z pługiem /MA9044B/;0;0;0
4513;TRAKTOR z pługiem /842112/             ;0;17;17
4431;TRAKTOR z pługiem /000075/;0;0;0
5066;Traktor z pługiem 692299, 994087, 797754, 800500;19;38;19
120;Traktor z pługiem 104973;29;29;0
5053;Traktor z pługiem;0;0;0
4298;Traktor z opryskiwaczem 900412, 968355, 693371;0;7;7
5375;Traktor z narzędziem  /992984/ ;0;4;4
5182;Traktor z napędem  034865;0;8;8
4344;TRAKTOR Z MODUłEM  115723;26;34;8
4315;TRAKTOR Z MODUłEM                              115846;0;5;5
4316;TRAKTOR Z MODUłEM                              115815;24;45;21
4314;TRAKTOR Z MODUłEM                              115808;0;10;10
4317;TRAKTOR Z MODUłEM                              115792;0;0;0
4345;TRAKTOR Z MODUłEM                               115877;15;20;5
4346;TRAKTOR Z MODUłEM                               115839;31;39;8
3438;TRAKTOR z maszyną rolniczą /TG10131/872597/;0;0;0
5301;Traktor z maszyną rolniczą /G030170/ 900382/;0;4;4
5304;Traktor z maszyną rolniczą 977247;7;16;9
5303;Traktor z maszyną rolniczą 944928/012398/964456/872252;0;37;37
3430;TRAKTOR z maszyną rolniczą 872108, 1088D-4;0;0;0
1936;Traktor z maszyną rolniczą 24400, 530431, 903628, 870548;0;3;3
1506;Traktor z maszyną fashion klosz 404481;25;27;2
5639;Traktor z maszyną fashion klosz 404443;19;25;6
3392;TRAKTOR Z MASZYNĄ-PRZÓD 248287,724375;0;12;12
4297;Traktor z łyżką /968065/G045126/;7;7;0
4489;TRAKTOR z łyżką /724375/                            ;0;0;0
15656;Traktor z łyżką;1;1;0
5070;Traktor z kosiarką polową 012756, 964524, 693555;0;18;18
3350;Traktor z kosiarką polową  834446, 249710, 694095;24;26;2
5640;Traktor z koparką i łyżką klosz 400070;21;28;7
3024;TRAKTOR Z KOMBAJNEM ZIEM./1018-21/62964/  62964,952978;0;0;0
2146;TRAKTOR Z CYSTERNA NO.1018-15 /433249/          332490;0;0;0
330;TRAKTOR Z BETONIARKĄ /90096/NC                  990096;0;0;0
5080;Traktor z belownicą 412076;31;42;11
4486;Traktor z belownicą  /9259956/;0;18;18
2027;Traktor z beczką   /MPC35632/ G045231   63252,943525;0;0;0
75392;Traktor Wielki z pługiem792808, 966641;22;38;16
1743;Traktor wielki z łyżką 960465;0;0;0
75403;Traktor wielki z belownicą922730, 800517, 962629;10;31;21
75252;Traktor Wielki rozrzutnik 962650;9;14;5
4376;TRAKTOR WIELKI ROZRZUTNIK                        62650;0;9;9
4386;TRAKTOR WIELKI PRZYCZEPA                         68188;0;10;10
73122;Traktor wielki prasa922914, 800524, 962643;24;37;13
75509;Traktor Wielki 962636;36;43;7
74373;Traktor Wielki 814507;5;8;3
73120;Traktor wielki 150712, 965415;13;31;18
73121;Traktor wielki 060773, 814262, 965477;0;11;11
2849;TRAKTOR WESOŁY Z WALCEM B/O.  /G042389/         941910;0;0;0
10951;Traktor Turbo;0;0;0
4378;Traktor średni wężownica083767, 872115;8;16;8
4429;TRAKTOR siewnik nawozu 006244;0;9;9
2274;TRAKTOR siewnik nawozu 796840, 877028;0;16;16
4284;TRAKTOR siewnik nawozu;0;10;10
2711;TRAKTOR PRZYCZ.3ZWIERZ.DOMOWE 750849, 244760, 872702;99;117;18
3866;Traktor przewrotka na baterie 997061, 821741;0;10;10
4131;Traktor na blistrze 870883;12;22;10
126;TRAKTOR MNJ.Z OPRYSKIWACZEM  2055 /66406/966405;0;0;0
15044;Traktor max;0;1;1
4375;TRAKTOR M Z OPRYSKIWACZEM I łYżKą  /60755/;0;16;16
15045;Traktor Farmer;0;1;1
5454;Traktor budowlany 800852;0;2;2
3774;TRAKTOR 837867;1;0;-1
3546;TRAKTOR 641742;0;4;4
2307;Traktor 6 wz. 5605722, 969789, 057228;17;58;41
3295;TRAKTOR 599119;0;0;0
3195;TRAKTOR 598754;0;0;0
3266;TRAKTOR 485411;2;2;0
5079;Traktor 412250;0;0;0
5068;Traktor 098596;0;20;20
5060;Traktor 060398;6;13;7
5059;Traktor 060305;0;3;3
5077;Traktor 049716;0;0;0
5064;Traktor 044632;0;0;0
5216;Traktor /965530/;0;2;2
5209;Traktor /797472/;0;6;6
5215;Traktor /489198/;0;0;0
5208;Traktor /455835/885728/;0;9;9
5213;Traktor /085499/;0;1;1
5214;Traktor /085313/;0;16;16
5212;Traktor /0085673/;0;10;10
5207;Traktor /0057069/;0;6;6
3422;TRAKTOR 876601, 642640;1;13;12
5067;Traktor 843553;0;8;8
3498;TRAKTOR 837416, 872580;0;0;0
3804;TRAKTOR 830822;11;24;13
5075;Traktor 797472, 872160, 902874, 490713;0;6;6
4519;Traktor 764192, 807332;0;0;0
4487;TRAKTOR 764156;0;1;1
5078;Traktor 643814, 872153;4;6;2
4484;TRAKTOR 41128025, 934912;0;120;120
188;Traktor 411192;0;3;3
5081;Traktor 411086;0;0;0
4347;Traktor 410546;25;0;-25
2201;Traktor 405942;8;12;4
4141;Traktor 405676;27;28;1
2204;Traktor 405584;41;48;7
5637;Traktor 405409;25;32;7
4494;TRAKTOR 2696617;1;14;13
2203;Traktor 260152;8;23;15
5062;Traktor 222813;0;6;6
4159;Traktor 219055;72;129;57
3598;TRAKTOR 157230, 572301;22;27;5
4485;TRAKTOR 128926, 938538;202;293;91
5370;Traktor 109912;0;0;0
5063;Traktor  z wozem paszowym 222639;0;4;4
4520;TRAKTOR  belownica  643630;17;18;1
3101;TRAKTOR  642374;0;0;0
5307;Traktor  114422;5;13;8
4496;TRAKTOR   /701454/;0;0;0
1464;Traktor   /573510 /;0;0;0
4478;TRAKTOR   /483939/;0;22;22
4453;TRAKTOR                                         962643;0;5;5
4301;TRAKTOR;0;15;15
4300;TRAKTOR;0;16;16
5055;Traktor;0;2;2
5054;Traktor;0;0;0
5049;Traktor;0;0;0
4103;Tort do krojenia 137084;0;0;0
75420;Torebka z pieskiem 0910-1 /12 szt pakowane/;107;509;402
75624;Torebka z pieskiem / 12 szt. w op./ 0910-3 109013;17;41;24
73998;Torebka z konikiem /12szt opakowanie/7-1 0910-1;18;30;12
1605;Torebka z akcesoriami 122011;14;16;2
71623;Torebka pluszowa uśmiech 1248-13 ;26;15;-11
70633;Torebka pluszowa 0910-7;10;13;3
3735;TOREBKA PLASTIK. ŚWIATŁO  /O1273/               101573;0;0;0
2110;Torebka papierowa 9402659;0;7;7
2068;Torebka papierowa 402680;14;20;6
2067;Torebka papierowa 402673;0;5;5
2066;Torebka papierowa 402666;3;14;11
5664;Torebka na prezenty 32/26/12.5 147595;24;24;0
5665;Torebka na prezenty 30/26/12.5 147342;23;24;1
736;Torebka na prezenty 135325;19;19;0
71690;Torebka miś 1201;0;16;16
2124;Torebka kotek/piesek 12 szt. w foli 994688;0;0;0
2245;Torebka kotek/piesek (12 szt. w op.) 994701;0;5;5
1168;Torebka dla dziewczynki 953388;16;44;28
5418;Torebka Cekin Średnia /12 w op./ ;96;4;-92
5419;Torebka Cekin Mała /12 opakowanie/;0;2;2
931;Torebka 3D 112968;8;8;0
794;Torebka 123315, 123100;12;17;5
907;Torebka 123278, 112906;1;4;3
977;Torebka 123223;9;9;0
988;Torebka 123193;11;7;-4
997;Torebka 112944, 12999, 112913, 123285, 123261, 113019;28;32;4
70884;Torebka 109044;49;16;-33
5666;Torebka - box prezentowy 23/16/11 135523;24;24;0
4309;TOREBKA;0;18;18
4289;TOREBKA;0;15;15
3000;Tor wyścigowy /961134/;0;0;0
1517;Tor fluorescencyjny z autem elektr., 165 el. 399168;0;5;5
3982;Tor fluoresc., auto. św., 80 el. 394941;0;2;2
83;TOR FLUORESC. Z ELAST.KLOCKÓW, AUTO, 96 EL. 399687;0;0;0
3808;Tor fluoresc. z elast. klocków, auto 96 el. 399687;0;0;0
5587;Tor dla autek 120 el.819304;0;10;10
5272;Tor dla autek  /963332 / ;5;11;6
4065;Tor Dinozaur  /086190/;0;0;0
140;Toaletka ze światłem i muzyką BO 309423;0;0;0
145;Toaletka z Akcesoriami - światło i muzyka 310412;0;0;0
707;To tu pasuje - kolory - słonik balonik 301386;5;7;2
2186;TIR+PRZYCZ.+ ZWIERZĘTA/DINOZAURY /127,394/  993127,394;0;0;0
979;TIR z lawetą dwupoziomowa + 4 autka103321;0;0;0
910;TIR z lawetą + 4 autka233575;44;44;0
1757;TIR LAWETA + 5 AUTEK /92793/NC                  992793;0;0;0
1661;TIR Czerwony 49cm 300674;13;17;4
15649;TIR;2;1;-1
118;TERMOMETR DO KĄPIELI RYBKA /PB1716/              08500;24;24;0
4391;TELEFONIK NA BATERIE                            110212;0;20;20
4417;TELEFON805970, 964876, 797022;8;45;37
804;Telefon rozsuwany 398703;39;64;25
4415;Telefon na baterie802443;2;8;6
2099;Telefon na baterie z nagrywaniem 806298;52;95;43
4018;Telefon na baterie 815153;29;0;-29
213;Telefon na baterie 540253;0;43;43
5603;Telefon na baterie 434996;0;0;0
2709;Telefon na baterie 356243;0;4;4
661;"TELEFON KOMÓRKOWY ""PRINCESS""  /D666905/         291481";0;0;0
3902;TELEFON KOM.Z KORALIKAMI /TA7768/  2WZ.         000614;0;0;0
978;TELEFON KOM.T618 W PUD. /MPH35704/ 357042;0;0;0
5546;Telefon dla malucha 103171;0;0;0
2715;Telefon dla dziewczynkiMPJ05322, 398697;0;0;0
14485;TELEFON BLISTER Z LALKą;0;0;0
5;TARCZA Z RZUTKAMI /7839828/                     398286;0;0;0
5157;Tarcza rzutki magnetyczne 301397;0;1;1
11879;Tamburino 340138;14;10;-4
2473;TACZKA /HEM/                                    005371;0;8;8
15651;Taczka;0;1;1
5035;Taczka;0;4;4
15042;Taczka;10;8;-2
712;Tabliczka mnożenia - uczę się w mig 301492;6;7;1
3043;TABLICA ZNIKOPIS Z MISIEM /346166/              461665;0;0;0
2202;TABLICA ZNIKOPIS SŁOŃ /220031/                  200319;0;0;0
5116;Tablica znikopis 969495;0;25;25
1770;Tablica znikopis 877745;19;21;2
4392;TABLICA MULTIMUZYCZNA  070301;0;13;13
1877;Tablica magnetyczna z literkami 403057;20;20;0
3112;Tablica magnetyczna /122387/;13;15;2
5106;Tablica magnetyczna   304886/877738/;0;0;0
2241;Tablica Dobrego Zachowania 300303;7;9;2
654;Tablica dobrego zachowania - biała 301676;1;1;0
33243;Tablica do pisania-Ekologic;1;2;1
3389;Tablica do kosza 410487;21;21;0
2013;Tablet zabawka /808704/;0;0;0
74481;Tablet edukacyjny QC1059PL 423226;28;45;17
143;Tablet Edukacyjny 310429;0;2;2
5585;Świecący tor wyścigowy 966085;7;19;12
1522;Świecące okulary mix /display 80szt/ 205260;0;0;0
106;Świecące naszyjniki, w.box 12szt z bateriami /397386/;6;7;1
202;Świecące bransoletka mix /display 80szt/205253;159;159;0
4422;Świderek plastikowy 12szt 808155;2;60;58
4424;Świderek plastikowy /12szt/808100;84;0;-84
5139;Świderek plastikowy / 12 szt. w op./ 871170;96;207;111
4423;Świderek plastikowy  /12szt/ 806892, 871170;0;0;0
4119;Świderek 983729;278;350;72
4899;Świderek 983712;0;0;0
744;ŚMIGUSÓWKA ŻABKA  /OP.25SZT./;0;0;0
70746;Śmigusówka Rybka 11cm /OP.25SZT./;0;25;25
70743;Śmigusówka Jajko Max 11cm /OP.25SZT/;75;0;-75
741;ŚMIGUSÓWKA JAJKO MAŁE  /OP.25SZT./;0;0;0
70742;Śmigusówka Jajko Duże 9cm /OP.25SZT/;0;250;250
171;ŚMIGUSOWKA SŁONIK  /OPK.25SZT/;0;0;0
1761;Śmigłowiec ze światłem i dźwiękiem 309935;15;15;0
71274;"Śmigłowiec wojskowy ""Alfa"" (w pudełku) (PL) 068750";5;5;0
71270;"Śmigłowiec strażacki ""Alfa"" (w pudełku) 068651";3;4;1
71271;"Śmigłowiec ratowniczy ""Alfa"" (w pudełku) 068668";8;10;2
71272;"Śmigłowiec policyjny ""Alfa"" (w pudełku) (PL) 068705";7;8;1
2569;ŚMIGŁO ZE ŚWIATŁEM /Q1268/ BLISTER              101436;0;0;0
465;Śmieciarka, światło, dźwięk /394521/;0;0;0
4499;Śmieciarka 993172,  236654;4;8;4
15652;Śmieciarka;2;1;-1
221;Szybkie Auta Metal RC /display 4szt/300650;0;0;0
5530;Sznurki do wózka, 4wz 201408;0;25;25
1902;Sznurki do wózka , 4 wz. /033566/;0;10;10
1904;Sznur do wózka 814736;30;3;-27
1606;Szkicownik Psi Patrol 083759;14;16;2
5282;Szczęka nakręcana /12szt display/127603, 144747;0;63;63
1310;SZALONA KULA B/O.W PUDEŁKU /MPI18470/184709;7;8;1
1308;SZALONA KULA B/O.W FOLII  /L318/          40357,096394;0;0;0
211;Szachy małe 301614;0;0;0
1148;SZACHY DREWNO  /Q1550/                          108169;0;0;0
1735;Szachy + Warcaby 2 w 1   J. Polski   /814293/;3;3;0
72544;Sygnałowy pistolet świecący rf223-1;0;77;77
73329;Sygnałowy Pistolet podnóżek LX7811 /70cm/ 281238;0;52;52
70765;Sygnałowy pistolet LX7322;12;7;-5
72543;Sygnałowy pistolet LX6511;72;129;57
72541;Sygnałowy pistolet LX3688;8;12;4
71764;Sygnałowy pistolet 585;0;45;45
70993;Sygnałowy pistolet 2057-1B;0;14;14
72540;Sygnałowy pistolet 20103-1;0;26;26
72542;Sygnałowy pistolet 140-1;36;73;37
70906;Sygnałowy pistolet 1208-2A 724613;43;15;-28
75514;Sygnałowy pistolet 961148;0;5;5
75513;Sygnałowy pistolet 958605;168;282;114
75518;Sygnałowy pistolet 653661;0;20;20
75516;Sygnałowy pistolet 595955;14;28;14
75517;Sygnałowy pistolet 588636;0;10;10
75519;Sygnałowy pistolet 311233;0;49;49
75515;Sygnałowy pistolet 00568331;1;0;-1
2792;SUSZARKA NA BATERIE +AKC. /118275/ TORBA  18278,182753;0;0;0
5164;Superbohaterowie /display 6szt/ 300100;22;32;10
4348;SUKIENKA DLA LALKI;0;2;2
2559;STRZELBA Z LUNETA NA STRZAŁKI /381962/ BC       819626;0;1;1
5169;Strzelba 993905;0;0;0
5052;Strzelba;0;1;1
334;STRÓJ POLICJANTA  /004025/                      615042;0;0;0
1174;Strażak Sam Skuter  007029;0;0;0
1114;Strażak sam;0;0;0
4561;Straż pożarna metal 014058;0;11;11
34213;Straż pożarna 300064;0;4;4
4508;STRAŻ POŻARNA  / 8797473/;0;0;0
15650;Straż Pożarna;1;1;0
72301;Straż na baterie B938A 747569;2;30;28
5597;Stół+krzesła 145553;0;5;5
5293;Stół + krzesła /075874/;0;3;3
5560;Stolik z krzesłami 756623;0;8;8
5276;Stemple/127634/;0;0;0
1276;Stemple roller 127641;15;19;4
1632;Stemple 6 sztuk 134991;9;9;0
4110;Stemple 135615;0;5;5
4109;Stemple 135608;0;0;0
4108;Stemple 135592;0;0;0
2169;Stemple 127658;2;6;4
5284;Stemple 127627;1;9;8
4117;Stemple 081493;0;0;0
2166;Stempelki 145546;5;8;3
1050;STATEK PIRATÓW NO.12602 /G057134/               960089;0;0;0
2758;Statek piracki 598462;8;10;2
923;Statek na baterie 939061;13;14;1
75229;Spychacz 00455686;0;10;10
1195;Sprzątanko Gra 3D 301195;3;3;0
1964;SPRZĄTACZKA ZESTAW WKSZ.W WORKU /027681/        616353;0;5;5
4464;Sprężyna ze światłem 393210, 982760;0;49;49
811;SPRĘŻYNA Z GWIAZDKAMI 6,5CM 56784,926658;252;296;44
739;Sprężyna tęczowa gwiazdka 245639;340;352;12
812;SPRĘŻYNA TĘCZOWA 8CM 42026,447514,398772,475197;45;230;185
5151;Sprężyna tęczowa 808650;0;0;0
151;Sprężyna tęczowa 966535;464;446;-18
1700;Sprężyna tęczowa 370515;97;141;44
2304;Sprężyna jednorożec 7,5cm 311266;3;62;59
2989;Sprężyna 8 cm967587;244;299;55
1647;Sprężyna 976882;0;35;35
1363;Sprężyna 136513;0;0;0
5177;Spłonka x 72;485;0;-485
3333;SPŁONKA POJEDYNCZA /CAP121/               262520;0;1433;1433
825;Spiner /969567/968744/;0;34;34
5122;Spiner;0;72;72
5288;Sorter dla malucha123872, 127283;1;5;4
75500;Słoń Staś różowy niebieski 26 cm 047298;0;4;4
1;SŁOŃ DO ROZKRĘCANIA W WORKU /870043/700431;4;5;1
5286;Słonik na baterie 126996;2;6;4
2392;Slimy Miśki /display 12szt/967488;144;241;97
2028;Slimy Dino /display 12szt/967679;150;144;-6
2390;Slimy Buźki /display 12szt/967372;199;220;21
2219;Slime Owocowy Bańki /display 8szt/ 311136;24;40;16
121;SKRZYDŁA ANIOŁA+RÓŻDŻKA,KORONA /ZR3374/         074738;25;11;-14
3357;SKRZYDŁA ANIOŁA  /ZRN11077/                     051348;0;0;0
1136;Skojarzenia Pamięć /003284/;0;0;0
10455;SKARBONKA ŚWINKA /10 szt. w op./;54;39;-15
4457;SKAKANKA Z LICZNIKIEM                           830635;7;52;45
5132;Skakanka sznurkowa 101474;2;12;10
10102;Skakanka kolorowa 009890;1;7;6
4544;Skakanka ;0;23;23
15036;Skaczący pająk czarny /10szt w op/;292;362;70
2353;Siatka do piłki X25;0;150;150
70702;Saszetka 11309-1 130912;23;13;-10
3719;SANKI-ŁOPATA  /ST/;5;5;0
693;SAMOLOT STYROPIANOWY W FOLII  09553335 szt. w pudełku;25;0;-25
2210;Samolot styropianowy 3 kol, USB 311228;20;20;0
2235;Samolot Styropian 009087;88;93;5
5118;Samolot na baterie 215184;0;7;7
5287;Samolot na baterie  /125944/;0;20;20
4405;SAMOLOT NA BATERIE                             871569;0;8;8
1630;SAMOLOT NA BATERIE-PODWIESZANY /MPB80650/       806502;0;2;2
5025;Samolot na baterie;0;12;12
1024;Samolot 43cm .św/dźw. w worku  /248171/          481718;0;3;3
3010;Samolot 959321;729;678;-51
3381;Samochód ze światłem i dźwiękiem 123753;24;24;0
4022;Samochód ze światłem i dźwiękiem   /015973/;8;8;0
2456;Samochód z otwieranymi drzwiami /disp. 12 szt./ 202313;3;11;8
2323;Samochód wyścigowy 300711;9;26;17
2598;Samochód terenowy r/c,ff, ładowarka /SA6144R/394804/;0;0;0
1939;Samochód sportowy r/c, ff 397294;0;0;0
2851;Samochód sportowy r/c , ff 397836;1;1;0
3154;Samochód przewrotka 776676;5;12;7
2517;Samochód policja na baterie 867053;0;57;57
5197;Samochód pod kloszem, św, dzw 392121;0;0;0
1976;Samochód pod kloszem 200487;0;9;9
71386;Samochód osobowy z przyczepą (w siatce) 053688;6;6;0
71385;Samochód osobowy (w siatce) 053671;1;1;0
5367;Samochód na baterie /810790/ MPE81079X;0;2;2
215;Samochód Metalowy /display 24szt/ 842890;42;52;10
4145;Samochód laweta 8953145 ;0;5;5
4134;Samochód laweta 822731;0;0;0
71287;"Samochód Jeep ""Wojaż"" 036636";0;2;2
71286;"Samochód Jeep ""Safari"" 036643";0;2;2
4011;Samochód holownik 921284;0;0;0
5537;Samochód ciężarówy friction z naczepą, św 202863;0;6;6
4327;Samochód B&GO 300834;5;54;49
4335;Samochód 18cm B&GO 300704;1;11;10
71381;"Samochód ""Legion"" Nr4 (czarny) 076014";10;10;0
71384;"Samochód ""Legion"" Nr2 (czerwony) 076113";10;16;6
5594;Samochód 809541;13;15;2
71380;"Samochód-pickup wojskowy ""Obrońca"" z 2-ma karabinami maszynowymi 063977";2;5;3
71379;"Samochód-pickup patrolowy ""Obrońca"" 063588";6;6;0
71375;"Samochód-jeep strażacki ""Safari"" (NL) (w siatce) 071095";4;5;1
71378;"Samochód-jeep policyjny ""Safari"" (NL) (w siatce) 071101";5;5;0
5536;Samochodziki, friction /8szt w displayu/ 203396;30;30;0
5379;Samochodziki w worku, frict. 3wz 396358;0;3;3
5316;Samochodzik w displayu, św.,dźw/390721/;0;11;11
5194;Samochodzik metal, x24 003226;0;2;2
5196;Samochody metalowe pullback 393289;0;0;0
36;Samochody metalowe /60szt w displayu/ 202511;0;53;53
108;Samochiki metalowe displ. 36 szt /396365/;0;0;0
10004;Rzutki na rzep bajkowe ;21;22;1
10003;Rzutki na rzep;40;16;-24
4529;Rurka do nurkowania;40;20;-20
4330;Różdżka ze światłem 984160;0;0;0
4343;RÓŻDŻKA 124527;4;14;10
2713;Robot wojownik display 12 szt. 392442;0;0;0
1784;Robot wojownik display 12 399601;0;0;0
5561;Robot tańczący na baterie 152807;0;11;11
5156;Robot tańczący 140817;0;5;5
1787;Robot światło, dźwięk 312478;8;20;12
5107;Robot nowe legendy policji   960681;0;0;0
5141;Robot na blistrze 870777;6;33;27
5329;Robot na blistrze /803044/;0;3;3
5328;Robot na blistrze 802993;0;0;0
4440;ROBOT NA BLISTRZE 009214;0;0;0
5135;Robot na blistrze;0;0;0
3212;Robot na baterie 998457;0;7;7
3193;Robot na baterie 143290;0;6;6
5108;Robot legendy policji  960636;0;0;0
4269;Robot kuchenny na baterie 194692;0;3;3
960;Robot Kuchenny A /960339/;0;0;0
3062;ROBOT KUCHENNY 2WZ. /MPB70864,68/            708646,84;0;0;0
3087;ROBOT EARTH FACTORY /2011-3/ 225877;0;0;0
2691;Robot chodzący - światło, dzwięk 309355;0;1;1
5165;Robot 993134;0;22;22
5073;Robot 572644;0;0;0
93;ROBOT 29CM.CHODZI,OBRÓT /ZR28112A/              075108;0;0;0
2919;"ROBOT ""AMAZING"" 37CM.W BOXIE /TA90921/          001031";1;0;-1
4365;ROBOT 960250, 545920;35;28;-7
2441;Robot 341708;6;18;12
4398;Robot 161274;43;50;7
4396;Robot 161250;0;4;4
3194;Robot 142309;0;7;7
3571;Robot - Wojownik /display 12szt/ 399588;21;24;3
2655;Robot-Pojazd-Transrobot /display 8szt/ 301367;57;62;5
2220;Rękawki szkoła pływania 456430;12;12;0
1230;Rękawice Bokserskie 301724;8;8;0
198;"RESORAKI METAL ""10""  /FW-9910/                  004272";0;0;0
70461;Renifer pluto;24;4;-20
1676;Renifer /142986/;0;0;0
70460;Renifer;24;14;-10
1137;Remiza strażacka /133109/;0;2;2
4509;RAKIETKI   /348332/;0;4;4
3292;RAKIETA DO TENISA W POKROWCU /PG3174/           831748;19;19;0
1060;Quizy Trolls    /609659/;0;0;0
890;Quad metal 12 szt. display 8229356;0;1;1
4490;QUAD   /784412/;0;6;6
1307;Puzzle30 zaczarowana melodia 182347;3;3;0
716;Puzzle słówka 4 - godziny 300167;5;5;0
717;Puzzle słówka 3 - ubrania 300204;4;4;0
719;Puzzle słówka 2 - żywność 300211;4;4;0
715;Puzzle słówka 1 - dom 300150;7;7;0
1171;Puzzle Magnetyczne Cyferki  017380;0;0;0
1089;Puzzle drewno /Q3035/132652/;0;0;0
507;Puzzle drewniane zegrar 132669;0;2;2
501;Puzzle drewniane zegar /Q3032/132638/;0;0;0
505;Puzzle drewniane zegar 132645;16;17;1
500;Puzzle Drewnanie /Q3033/132676/;0;0;0
1020;Puzzle Dino ramkowe 25 el śnieżka  /311237/;0;0;0
1021;Puzzle Dino 24el Cars 2  /351332/;0;0;0
1169;Puzzle Dino 24 Roszpunka 351356;0;0;0
1166;Puzzle Dino 24 Planes 351400;2;2;0
1018;Puzzle Dino 24 maxi Jungle Book  /350069/;0;0;0
1164;Puzzle Dino 24 Kubuś 351318;0;0;0
1019;Puzzle Dino 100 xl Planes  /771079/;0;0;0
3573;Puzzle 60el. Rajd z przyjaciółmi 173222;4;4;0
887;Puzzle 60el. Przygody Księżniczki Zosi 173130;3;3;0
1032;Puzzle 60el. Lot dookoła świata 173079;2;5;3
333;Puzzle 60el. Gotowi do akcji 173215;5;6;1
1038;Puzzle 60el. Cars 3 /172973/;0;0;0
1093;Puzzle 60el. Bob i Wendy 173000;0;0;0
1036;Puzzle 60el. Blaze 173055;2;2;0
1217;Puzzle 60el Wesoła Farma 173208;1;2;1
1219;Puzzle 60el gotowi do akcji 173215;0;4;4
1347;Puzzle 60 Słodkich snów 172706;2;2;0
1082;Puzzle 60 przed pałacem /172393/;0;0;0
1123;Puzzle 60 Jak dobrze mieć przyjaciela 172782;3;3;0
1124;Puzzle 60 Finding Dory /084210/;0;0;0
1112;Puzzle 60 el. Wyścig do mety /172843/;2;2;0
1086;Puzzle 60 el. Wspólne wygłupy /172928/;0;0;0
1151;Puzzle 60 el. Wissper mała czarodziejka 173109;1;2;1
1150;Puzzle 60 el. Waleczny Spider Man 173116;1;1;0
1153;Puzzle 60 el. Tokio 172119;3;3;0
1103;Puzzle 60 el. Taniec i muzyka 172966;3;3;0
1154;Puzzle 60 el. Świńka Prppa na balu 73123;0;0;0
1188;Puzzle 60 el. Rodzina Treflików  173086;2;2;0
1027;Puzzle 60 el. Przyjaciele z Krainy Lodu 172751;3;3;0
1346;Puzzle 60 el. Podwodne kucyki 172980;2;2;0
1113;Puzzle 60 el. Podróż na Księżyc 172621;0;0;0
1087;Puzzle 60 el. Najlepsi przyjaciele /173093/;0;0;0
1152;Puzzle 60 el. Miki i Minnie w ogrodzie 1172850;2;2;0
1155;Puzzle 60 el. Finding Dory 084210;0;3;3
1081;Puzzle 60 el. Cars 3/172973/;0;0;0
1160;Puzzle 60 el. Cars 084012;3;3;0
1192;Puzzle 60 el Wędrówka Dinozaurów 173192;2;2;0
1345;Puzzle 60 el Niespodzianka dla Elsy 173147;2;2;0
1157;Puzzle 60 el Frozen Adventure 084357;0;0;0
1158;Puzzle 60 el Elena di Avalor 269709;0;0;0
1156;Puzzle 60 Avengers 084159;0;0;0
1046;Puzzle 500el. Śpiące kotki 372717;0;0;0
1045;Puzzle 500el. Misie polarne  /372700/;0;0;0
1051;Puzzle 500el. Machu Picchu  /372601/;0;0;0
1224;Puzzle 500el Pora na lody 372724;0;0;0
1125;Puzzle 500 POSITANO WŁOCHY    /371451/;0;0;0
1176;Puzzle 500 Panorama, Kotor Czarnogóra 295061;1;2;1
1177;Puzzle 500 Panorama Puszysta Ekipa 295047;1;2;1
1191;Puzzle 500 Panorama Archipelag Lofoty 295009;1;0;-1
1102;Puzzle 40 Floor shimmer and shine /254514/;0;1;1
1010;Puzzle 3w1 Zosia i jej przyjaciele   /348149/;0;0;0
1009;Puzzle 3w1 Zabawy w szkole  /348132/;0;0;0
1012;Puzzle 3w1 Uwaga Duchy   /341454/;0;0;0
1008;Puzzle 3w1 Tomek rusza do akcji  /348217/;0;0;0
1011;Puzzle 3w1 Słodkie kotki   /348095 /;0;0;0
1013;Puzzle 3w1 Po wyścigu   /348194/;0;0;0
1109;Puzzle 3w1 Magia przyjaźni /348231/;0;0;0
1007;Puzzle 3w1 Cars 3   /348200/;0;0;0
1260;Puzzle 30el. Wesoło naprzód 182101;1;2;1
1000;Puzzle 30el. Uwolnij Magię 182255;2;2;0
1254;Puzzle 30el. Roszpunka Merida Arielka Śnieżka 181722;3;3;0
1029;Puzzle 30el. Przyjaciele przed hangarem  /182262/;2;2;0
55;Puzzle 30el. Magiczny świat 182361;5;5;0
76;Puzzle 30el. Gotowi by pomagać 182446;8;9;1
1003;Puzzle 30el Wesoło Naprzód   /182132/;0;0;0
1004;Puzzle 30el Tort urodzinowy  182118;0;1;1
1002;Puzzle 30el Strażak Sam 182132;1;2;1
1301;Puzzle 30el Ryder i przyjaciele 182392;6;6;0
1306;Puzzle 30el Niezwykły Świat Wissper 182323;2;2;0
1303;Puzzle 30el Cars 3 182156;2;2;0
1001;Puzzle 30el Cars 3  /122156/;0;0;0
1044;Puzzle 300el. Tęten kopyt;0;0;0
1110;Puzzle 30 na stacji benzynowej 181371;1;1;0
1162;Puzzle 30 el. zwycięska drużyna 182330;4;4;0
128;Puzzle 30 el. Złomek i Zygzak 182064;1;1;0
1097;Puzzle 30 el. Zabawa i przygoda 182279;0;0;0
1820;Puzzle 30 el. Wyścig na torach 182309;4;7;3
1111;Puzzle 30 el. Wizyta w kurniku 181951;0;1;1
1190;Puzzle 30 el. Przyjaciele na zawsze  182248;4;4;0
1083;Puzzle 30 el. pachnące róże 18196;4;4;0
1085;Puzzle 30 el. nowe wezwanie 182149;0;1;1
1159;Puzzle 30 el. Mickey 085149;0;0;0
1099;Puzzle 30 el. maxi Princesw 2 /074372/;1;1;0
1186;Puzzle 30 el. List do Księcia  181166;3;3;0
1313;Puzzle 30 el. Kąpiel Prosiaczka 181982;0;1;1
1161;Puzzle 30 el. Frozen 085040;0;0;0
3206;Puzzle 30 el. Dzielna drużyna 182293;6;6;0
1104;Puzzle 30 el. Dołącz do zabawy 182163;3;5;2
1311;Puzzle 30 el. Bella i Kopciuszek 182231;1;1;0
1187;Puzzle 30 el. Balia  181258;0;0;0
1216;PUZZLE 30 BEZTROSKA ZABAWA182316;6;7;1
1041;Puzzle 2w1+memos Przyjaźń to magia /906011/;0;0;0
1037;Puzzle 2w1+memos Podniebni bohaterowie /906356/;0;0;0
1057;Puzzle 260el. Sweet 132151;1;1;0
1340;Puzzle 260 Gala of winners 132397;3;3;0
1055;Puzzle 200el. Wenecja Włochy;1;1;0
1039;Puzzle 200el. Marinnette i Adrien 132267;0;0;0
1053;Puzzle 2000el. Doha Katar  /270846/;0;0;0
1181;Puzzle 200 el. Urodzony Bohater132359;0;0;0
1092;Puzzle 2 w 1 + memos Disney Cars 3 /90706/;0;0;0
1222;Puzzle 2 1000 Platinum collection 393985;0;0;0
1028;Puzzle 160el. Zimowe przygody 153446;0;0;0
1052;Puzzle 160el. Farmer Miki /153378/;0;0;0
1040;Puzzle 160el. Cars 3  /153392/;0;0;0
1209;Puzzle 160el w ogrodzie 153613;2;2;0
1208;Puzzle 160el Gotowi do pomocy 153637;0;2;2
1316;Puzzle 160 Spider Man na ratunek 153576;1;1;0
1320;Puzzle 160 el. Zaufaj sobie 153453;3;3;0
1314;Puzzle 160 el. Walczące Tyranozaury 153606;2;2;0
1321;Puzzle 160 el. Vaiana na fali 153347;1;1;0
1335;Puzzle 160 el. Spiderman w pogoni za złoczyńcą 153194;0;0;0
1333;Puzzle 160 el. Popołudniowy spacer 153316;0;0;0
1317;Puzzle 160 el. Pidżamersi kontra złoczyńcy 153538;2;3;1
1318;Puzzle 160 el. Ostateczna walka 153408;2;2;0
1315;Puzzle 160 el. Modna Barbie 153620;2;2;0
1336;Puzzle 160 Auta 2 kolaż 152166;1;2;1
1043;Puzzle 1500el. Tower Bridge nad Tamizą  /261400/;0;0;0
1042;Puzzle 1500el. Portret Lwa  /261394/;0;0;0
1223;Puzzle 1500el 316342;0;0;0
879;Puzzle 1500 el Tygrys 318063;0;0;0
846;Puzzle 100el. Zabawa w chowanego 162509;2;2;0
1034;Puzzle 100el. Świat Barbie   /163148/;0;0;0
1090;Puzzle 100el. Shimmer and Shine /072569/;0;0;0
1185;Puzzle 100el. Przyjaciółki162288;1;2;1
1033;Puzzle 100el. Przygoda czeka /163117/;0;0;0
94;Puzzle 100el. Pojazdy strażaka Sama 163544;5;5;0
930;Puzzle 100el. na rolkach 162493;2;2;0
91;Puzzle 100el. Masza i przyjaciele 163704;6;6;0
758;Puzzle 100el. Całusy 162646;3;3;0
950;Puzzle 100el. Bawmy się Toy Story 163568;4;4;0
1006;Puzzle 100el Magia Avaloru 163216;1;1;0
1175;Puzzle 100el bohaterska drużyna 163513;0;0;0
1049;Puzzle 1000el. Wesoły kotek 104486;1;1;0
1048;Puzzle 1000el. Śpiący lew 104479;0;0;0
1061;Puzzle 1000el. Paryż  /394029/;0;0;0
1066;Puzzle 1000el. National Geographic /393107/;0;0;0
1062;Puzzle 1000el. Hoc Waterfall  393855;1;1;0
1047;Puzzle 1000el. Galopujące konie 104462;2;2;0
1226;Puzzle 1000el Paryż o świcie 103946;0;0;0
1228;Puzzle 1000el Nowy Jork o świcie 103939;0;0;0
1065;Puzzle 1000el New York  /393664/;0;0;0
1225;Puzzle 1000el Mapa fizyczna świata 104639;0;3;3
1059;Puzzle 1000 Nowy Jork /102222/;0;0;0
1242;Puzzle 1000 el. Romantic Baśniowa Kraina 104080;2;2;0
1241;Puzzle 1000 el. Plaża Samudra 104615;1;1;0
1240;Puzzle 1000 el. Niebieskie bukiety 104660;0;0;0
1232;Puzzle 1000 el. Koloseum w promieniach słońca 104684;2;2;0
1344;Puzzle 100 Zabawa w parku 163384;0;0;0
1180;Puzzle 100 Walka dobra ze złem163360;1;2;1
1319;Puzzle 100 Sekretny ogród 163490;3;3;0
1121;Puzzle 100 Pidżamersi w akcji 163346;3;6;3
1193;Puzzle 100 Iniemamocni 163506;4;4;0
1127;Puzzle 100 el.Vaiana i przyjaciele 162981;2;2;0
1337;Puzzle 100 el. Wissper i przyjaciele 163353;0;0;0
1129;Puzzle 100 el. Wesołe Wróżki 161595;0;0;0
1183;Puzzle 100 el. Ucieczka162592;0;0;0
1182;Puzzle 100 el. Po lekcjach162530;0;0;0
1339;Puzzle 100 el. Marzycielka 163209;0;0;0
1184;Puzzle 100 el. Jej Wysokość Zosia162264;0;0;0
1098;Puzzle 100 el. Jedna drużyna 163322;0;1;1
1342;Puzzle 100 el. Gotowi na wyścig 163018;1;1;0
1128;Puzzle 100 el. Frozen 162554;3;3;0
1341;Puzzle 100 el. Drużyna Autobotów 163155;0;0;0
1126;Puzzle 100 el  Przygody Ladybug  /163230/;0;0;0
1343;Puzzle 100 Edukacyjny Układ Słonczeny 155075;2;2;0
1338;Puzzle 100 Bohaterowie wyścigu 163377;0;0;0
1221;Puzzle 1 1000 Platinum collection 393978;0;0;0
5633;Puzzle 961646;10;10;0
4288;PTASZEK W KLATCE;0;8;8
74478;PTAK PODWÓJNY HL512A (pom) 894508;49;32;-17
14479;PTAK PAPUGA POWTARZAJąCY;0;0;0
75417;Ptak na baterie HL519AB 712924;3;19;16
74477;Ptak na baterie HL517EFGH 028031;58;134;76
75416;Ptak na baterie HL513EFGH  712887;0;94;94
75415;Ptak na baterie HL513AB 206621;0;25;25
74476;PTAK NA BATERIE HL512B (nieb)917894;34;32;-2
73891;Ptak na baterie HL510E 917863;0;0;0
75421;PTAK NA BATERIE HL510B 917856;0;55;55
5134;Ptak na baterie ;0;6;6
75414;Ptak HL518-1AB 028055;0;28;28
5014;Pszczółka przewrotka;0;0;0
5110;PSP Tetris 302226/004612;0;4;4
33;Przyjaciele z podwórka - Piotruś 300495;20;20;0
15193;Przyczepa;0;0;0
3506;PRZEWROTKA POLICJA+LUDZ. 30898,427311;0;4;4
70748;Przewrotka na baterie 1121A;184;115;-69
3123;Przewrotka lokomotywa 062428;58;67;9
845;PRZEWROTKA  POLICJA NA BATERIE 962797;79;80;1
1718;Przeciwieństwa Puzzle 300921;10;13;3
75674;"Prom ""Bałtyk"" + autko ""Mini"" 4szt 056689";12;12;0
4272;PROJEKTOR NA BATERIE;3;6;3
551;PROFESOREK Wyrazek - składa wyrazy 802842;10;10;0
567;PROFESOREK Cyferek - liczenie 802859;6;6;0
711;Prawda czy bujda 300914;5;7;2
2665;PRALKA Z AKCESORIAMI ŚW/DŹW /215153/ZR008-97A/;1;1;0
1656;PRALKA NO.3117 NA BATERIE ŚW/DZW./G012098/      908470;0;0;0
516;PRALKA B/O. ŚW/DZW. WODA /G014206/              908586;0;0;0
1638;PRALKA /ZR3216/960704/;12;14;2
2546;POZYTYWKA LALECZKA   /G069647/                  963097;0;0;0
1138;Posterunek policji /B746/33086/;0;1;1
1569;Pompony chirliderek 807455;0;10;10
5413;Pompon 400039;0;0;0
29;Pompka duża złota 301410;4;5;1
2638;POMPKA DO PIŁEK IGŁA,WĘŻYK /SPPIE16006/         214187;0;0;0
1958;POMPKA DŁ.DO PIŁEK Z WĘZYKIEM /TAQT-0112/       003615;0;0;0
229;Pomoc drogowa 20cm 300001;0;7;7
3885;Pomidor antystresowy 6 cm. /12 szt. w op./ 313208;0;1;1
2121;Policja, światło, dźwięk, baterie załączone /394309/;0;2;2
820;Policja pogotowie 300396;2;3;1
10178;Pokoik bolo 980585;2;0;-2
2717;Pojazdy ratunkowe mini 525293, 525279;9;23;14
1296;Pojazdy friction, św, dźw, 396280;0;0;0
4721;Pojazd ze zwierzakiem  /display 12szt/ 204805;79;84;5
3033;Pojazd z koparką 993455;0;0;0
4208;POJAZD ROZKRęCANY                               993530;0;0;0
4204;POJAZD KłAD                                     993509;0;1;1
1459;Pojazd friction, św., dźw., bat zał. disp. 8 szt. 200456;0;0;0
1566;Pojazd Betoniarka 993462;0;1;1
1076;Podróże Guliwera-Księga Dżungli /324221/;0;0;0
14222;PODKOSZARKA;0;0;0
1172;Poczta mini  003932;0;0;0
5345;POCIĄG+WAGON ŚW/MUZYKA 40CM. /G044736/          941668;1;2;1
3403;POCIĄG NA BATERIE PLATFORMA 684696;60;86;26
4167;Pociąg na baterie j. polski 810899;8;60;52
5559;Pociąg na baterie 479775;10;18;8
4352;Pociąg na baterie                           978503;12;43;31
4434;POCIąG NA BATERIE                               009115;0;1;1
14171;Pociąg Bobo;11;8;-3
3668;"POCIĄG ""TRAIN EMLI"" B/O. /MPF62230/             622300";0;0;0
3711;Pociąg 849445, 944709;6;14;8
3911;PŁYWACZKI REKIN  /G057487,490/              956532,556;71;6;-65
477;PŁYWACZEK RYBKA /TG190751/   BC                 872818;0;0;0
1179;Płyn do baniek mydlanych w butelce 134434;31;31;0
2695;Płyn do baniek mydlanych 1l 112272;0;0;0
5294;Płyn do baniek mydlanych 0.5L   /125494/;1;19;18
2883;Płyn do baniek 4 litry 147618;2;6;4
4380;Płyn do baniek 2l. kanister68775, 311297;16;27;11
4080;Płyn do baniek 1L. KANIST 62841,70302,962841, 08136;30;66;36
5160;Płyn do baniek 1l;0;23;23
3064;Płyn do baniek 0.5L 77164,962858, 08143;10;25;15
1467;Płyn do baniek 0.5l 302363;0;0;0
4456;PłYN DO BANIEK 0,5                              011494;0;39;39
4234;PłYN DO BANIEK;0;0;0
3511;Płaszcz przeciwdeszczowy dla dzieci 976042;111;111;0
4014;Płaszcz przeciwdeszczowy dla dorosłych 976066;105;105;0
75412;Plusz Pies Polska Muzyka 12-4;5;31;26
73922;Plusz kot polska muzyka 12-1 ;9;33;24
75411;Plusz Kot Polska Muzyka 112030;0;12;12
75577;Plecak sowa 1122-1;9;48;39
72487;Plecak króliczek 1348-1;24;142;118
73672;Plecak gładki nowy 10832-1;17;17;0
71484;Plecak cekin 3-5 ;32;9;-23
4001;Plastelina 5 kubków 004551;0;5;5
2073;PLAC ZABAW NA BLISTRZE048726, 946212, 834685, 993575;29;65;36
2580;Plac zabaw blister 995647;0;0;0
2538;Plac zabaw blister 995630;0;0;0
1133;Piszę i Zmazuję Litery /006564/;0;0;0
740;Piszczki - 6 szt. w worku 303780;30;32;2
666;"PISTOLETY ""WESTERN COWBOY"" /MPB68648/ BLIS      686487";4;9;5
4104;Pistolet+lizak 136810;0;8;8
2783;Pistolet, światło, dźwięk 312997;0;22;22
5218;Pistolet żelowy 68096 , 305852;14;54;40
5219;Pistolet żelowy 68133;53;91;38
2119;Pistolet z polskim modułem dźwiękowym 134472;0;0;0
4381;PISTOLET Z DźWIęKIEM                             69840;0;0;0
725;Pistolet z bańkami blister 963435;17;50;33
4382;PISTOLET Z BAńKAMI                               68683;0;1;1
4285;Pistolet w pudełku 93646 /993646/;0;6;6
1856;Pistolet w pudełku /993721/;23;29;6
1617;PISTOLET TRANSFORMER /K8965/5                   158965;0;0;0
3464;PISTOLET ŚW/DZW. W PUDEŁKU /MPG40054/           872965;0;0;0
14480;PISTOLET SYGNAłOWY;0;0;0
4237;PISTOLET SYGNAłOWY;0;0;0
14471;PISTOLET SPRężYNOWY 200195;0;7;7
74466;PISTOLET SPRężYNOWY 1239200706;0;7;7
74467;PISTOLET SPRężYNOWY 200942;0;11;11
14475;PISTOLET SPRężYNOWY;0;14;14
14474;PISTOLET SPRężYNOWY;0;15;15
4469;PISTOLET SPRężYNOWY;0;0;0
74472;PISTOLET SPRężYNOWY;0;3;3
74473;Pistolet sprężynowy;0;16;16
2177;Pistolet spłonka czarny 8392491,924913,968324, 800821,31027;103;123;20
4370;PISTOLET RYBA                                  68720;0;0;0
5103;Pistolet pukawka + naboje pianka 308013;14;25;11
4514;Pistolet pukawka + naboje pianka 308006;0;3;3
5388;Pistolet na wodę133949;0;3;3
5396;Pistolet na wodę133925;0;2;2
5617;Pistolet na wodę ze zbiornikiem 146727;0;2;2
4198;PISTOLET NA WODę MAłY;2;2;0
4196;PISTOLET NA WODę 28CM /2299                     822992;0;0;0
5387;Pistolet na wodę + zbiornik /134298/;0;4;4
5389;Pistolet na wodę /133932/;0;17;17
5616;Pistolet na wodę 122691;0;4;4
5522;Pistolet na strzałki piankowe 993308;18;18;0
4387;Pistolet na strzałki piankowe 986584;0;16;16
3258;Pistolet na strzałki 145560;11;20;9
4312;PISTOLET NA STRZAłKI                            123650;0;0;0
4447;PISTOLET NA STRZAłKI                            006473;0;3;3
4342;PISTOLET NA STRZAłK 124350;38;51;13
2379;PISTOLET NA SPŁONKĘ ZŁOTY/SREBRNY 8392455, 63381,924555, 870654;21;7;-14
2178;PISTOLET NA SPŁONKĘ Z LUNETĄ/ WOREK 63404,006725 218174;139;163;24
2714;PISTOLET NA SPŁONKĘ NA KARCIE /276833/          768338;183;90;-93
1236;PISTOLET NA SPŁONKĘ DŁ.LUFA 2541069, 410696, 801606;232;332;100
70025;PISTOLET NA SPłONKę /CHT409C26                  047313;645;654;9
70016;PISTOLET NA SPłONKę /CHT409C25                  047375;0;73;73
14;PISTOLET NA SPłONKę /CHT409B29                  047351;0;0;0
19;PISTOLET NA SPłONKę /CHT409A52                  047368;0;0;0
13;PISTOLET NA SPłONKę /CHT409A16                  047344;0;13;13
12;PISTOLET NA SPłONKę /CHT40985/                  047337;0;0;0
23;PISTOLET NA SPłONKę /CHT2927805;0;0;0
70027;PISTOLET NA SPłONKę /8247SP/                    516222;230;254;24
15;PISTOLET NA SPłONKE /CHT409C13                  002275;0;0;0
11;PISTOLET NA SPLONKĘ    /CHT2927804/              081027;0;0;0
5641;Pistolet na miękkie strzałki blister 402074;25;36;11
1096;PISTOLET NA MIĘKKIE STRZAŁKI /087013/ BC        870133;0;0;0
75408;Pistolet na kulki żelowie, plastikowe H12-2 372899;0;22;22
3337;Pistolet na kulki żelowe 968386;14;19;5
2801;Pistolet na kulki żelowe 964883;39;40;1
5224;Pistolet na kulki wodne /TG400100/;0;0;0
5143;Pistolet na kulki wodne /TG379821/;0;0;0
5300;Pistolet na kulki wodne 805543;0;1;1
5246;Pistolet na kulki w folii /GE00066/;0;31;31
5243;Pistolet na kulki w folii /GE00063/;0;34;34
5245;Pistolet na kulki w foli (laser,latarka) /GE00060/;0;0;0
5247;Pistolet na kulki pudełko(laser,latarka) /GE00077/;1;19;18
71526;Pistolet na kulki P308A;0;12;12
73140;Pistolet na kulki NR999-2 201086;0;20;20
71565;Pistolet na kulki nr AK47-585 825991;0;3;3
71187;Pistolet na kulki nr-nsm 304-1;1;26;25
73332;Pistolet na kulki NR-M41 776873;0;17;17
73172;Pistolet na kulki NR-M37-1 201178;0;3;3
74538;Pistolet na kulki NR-M306B 777863 777863;13;8;-5
74552;Pistolet na kulki NR-4 Snajp 014333;0;70;70
73330;Pistolet na kulki NR-338-1 200836;0;30;30
73331;Pistolet na kulki NR-1538D 200690;0;35;35
75409;Pistolet na kulki M03C201239;0;37;37
72026;Pistolet na kulki AK47 NR-0807-1220192;1;8;7
75410;Pistolet na kulki 999-1 201079;0;18;18
75512;Pistolet na kulki 991-2 121369;0;53;53
75407;Pistolet na kulki 9621 201307;0;5;5
74468;Pistolet na kulki 508-1 201024;0;66;66
75406;Pistolet na kulki 507-1 200973;0;13;13
71567;Pistolet na kulki 2000-2 200959;103;3;-100
75511;Pistolet na kulki  NR-9619DL 201314;0;39;39
74469;Pistolet na kulki  MP40;0;20;20
5338;Pistolet na baterie w zestawie /MPI9822X/098228/;0;0;0
5026;Pistolet na baterie j.polski 877332;0;0;0
5012;Pistolet na baterie j. polski;0;0;0
4106;PISTOLET NA BATERIE 805949;0;0;0
3510;PISTOLET NA BAŃKI, RYBA 390615;0;0;0
3724;Pistolet na bańki ze światłem 798807;41;52;11
4133;Pistolet na bańki ze światłem 313048;7;16;9
1633;PISTOLET NA BAŃKI W FOLII /63473/               963473;0;0;0
5462;Pistolet na bańki mydlane 137312;0;1;1
5455;Pistolet na bańki 798838;51;85;34
1834;Pistolet Metalowy V2 201468;0;19;19
1833;Pistolet Metalowy V1 201482;200;0;-200
26;PISTOLET METALOWY NA SPłONKę /S902BN            514174;25;25;0
17;PISTOLET METALOWY NA SPłONKę /S703B/            510657;0;5;5
9;PISTOLET METALOWY NA SPłONKę  /7888B            516093;0;0;0
1832;Pistolet Metalowy M20 201543;0;28;28
72439;PISTOLET MASZ.SPŁONKA /276536/  BLIST.          765368;0;0;0
3095;Pistolet kulki żel 969307;22;32;10
763;PISTOLET KOSM. ŚW/DZW. 458916;0;0;0
75446;Pistolet Gonher 99/6;2;0;-2
75445;Pistolet Gonher 99/0;2;0;-2
75444;Pistolet Gonher 98/6;2;0;-2
75443;Pistolet Gonher 98/0;2;0;-2
75442;Pistolet Gonher 95/0;2;0;-2
75431;Pistolet Gonher 88/6;0;5;5
75430;Pistolet Gonher 88/0;0;5;5
75429;Pistolet Gonher 80/6;2;4;2
75428;Pistolet Gonher 80/0;0;4;4
75427;Pistolet Gonher 73/6;0;2;2
75426;Pistolet Gonher 73/0;0;0;0
75441;Pistolet Gonher 46/6;0;2;2
75440;Pistolet Gonher 46/0;0;0;0
75439;Pistolet Gonher 45/1;3;0;-3
75438;Pistolet Gonher 45/0;3;0;-3
75437;Pistolet Gonher 39/6;1;3;2
75436;Pistolet Gonher 39/0;3;0;-3
75435;Pistolet Gonher 33/0;0;1;1
75449;Pistolet Gonher 136/6;2;0;-2
75447;Pistolet Gonher 133/6;2;0;-2
75425;Pistolet Gonher 125/6;0;5;5
75433;Pistolet Gonher 125/1;3;2;-1
75424;Pistolet Gonher 125/0;2;2;0
75423;Pistolet Gonher 124/6;0;5;5
75422;Pistolet Gonher 124/0;3;0;-3
5188;Pistolet dźwiękowy sygnałowy69963, 961131;0;325;325
5236;Pistolet do robienia baniek /G068562/;0;40;40
5235;Pistolet do robienia baniek /G062513/;0;15;15
4079;Pistolet do robienia baniek 967002;0;0;0
1415;Pistolet do robienia baniek 808308;0;13;13
2213;Pistolet do robienia baniek 808285;84;91;7
2804;PISTOLET B/O.  J.POLSKI  /G083854/              970514;0;0;0
1116;Pistolet + kajdanki 142293;3;7;4
4562;Pistolet 006022;0;0;0
5104;Pistolet   301595;0;0;0
1845;PIRAMIDA /KACZOR,PAJACYK/   HEM                 002059;0;13;13
4332;PIRAMIDA                                        120451;0;0;0
1068;Pinokio-Trzy świnki /324269/;1;1;0
696;PING PONG 2RAKIETKI+3PIŁKI 302530;0;1;1
4031;Piłki Tenisowe 3szt Wysoka Jakość 311044;12;12;0
5280;Piłka/126521/;0;4;4
1918;Piłka ze zwierzakiem 75g 6wz 311006;60;60;0
20469;Piłka z włosem  /10szt w opakowaniu/;70;90;20
71269;Piłka z grzechotką 11cm 049483;9;9;0
262;Piłka wodna motyle 7,5cm /display 12szt 310986;48;60;12
2916;Piłka wodna jednorożec 5,5 cm. /12 szt. w op./ 312065;0;5;5
3298;Piłka wodna flaming 5,5 cm. /12 szt. w op./ 312058;68;68;0
73092;Piłka winogrono /12 szt. w op./ 817638;222;361;139
2643;Piłka winogronko chropowate /12 displ / 6 cm 307764;0;0;0
2218;Piłka Winogronko Brokat 6,5cm /display 12szt/ 311174;108;108;0
21513;Piłka w kropeczki /10szt w opakowaniu/;215;20;-195
2689;Piłka uśmiech 75g, 7 wz 310993;100;100;0
2512;Piłka Tęczowa 312416;42;43;1
778;Piłka sportowa relax na gumce /Display 24szt/ 205079;126;158;32
2644;"PIŁKA SIATKOWA ""TONCHAN""  983354";0;1;1
2149;"PIŁKA SIATKOWA ""DURASOFT""   /V712/              110896";15;22;7
2252;Piłka siatkowa 407661;30;30;0
1859;Piłka przeźroczysta z buźka 6.5 cm /display 12 szt/301243;1;7;6
547;PIŁKA POMPOWANA ;0;0;0
431;Piłka pluszowa pompowana 20cm 914149;115;142;27
4540;Piłka plażowa gumowa;0;27;27
3494;PIŁKA NOŻNA TRZYKOLOROWA /V706/                 110834;0;0;0
5184;Piłka nożna satynowa metalizowana;8;17;9
449;Piłka nożna premium TPU /50  302035;18;18;0
1334;PIŁKA NOŻNA 301533;0;0;0
5146;Piłka nożna 110872;0;0;0
5145;Piłka nożna 110858;0;0;0
5144;Piłka nożna 110773;0;0;0
1361;Piłka nożna 994367;0;3;3
514;Piłka Nożna 302042;11;19;8
3310;PIŁKA NOŻNA  301540;0;0;0
154;PIŁKA NOŻNA   302028;7;7;0
4089;Piłka na lince 815122, 135298;0;0;0
3148;Piłka na lince;75;277;202
2092;Piłka miękka x 12 szt. 961499;0;0;0
520;Piłka miękka do ćwiczeń /12szt w opakowaniu/ 968382;0;12;12
523;Piłka miękka do ćwiczeń /12szt w opakowaniu/ 968351;0;0;0
521;Piłka miękka do ćwiczeń /12 szt w opakowaniu/ 968337;0;24;24
1054;PIŁKA MIĘKKA 7,6CM. BAJKOWA  X12 /TG365516      878780;0;0;0
1481;Piłka miękka /12szt w opak/809398;0;12;12
1556;Piłka miękka (6 szt. w op.) 983385;0;0;0
546;Piłka miękka (12 szt. w op.) 983422;48;60;12
3650;Piłka miękka (12 szt. w op.) 983392;0;0;0
530;Piłka miękka (12 szt. w op.) 961499;84;84;0
5010;Piłka miękka;0;0;0
5399;Piłka Magiczna  791211;0;63;63
366;PIŁKA MAGICZNA  /MPG26730/ 267303;0;0;0
2216;Piłka kolce 23cm, 5 kolorów 310917;39;39;0
1839;Piłka kolce 23 cm 113439;42;42;0
810;Piłka kolce 18 cm 113422;1;3;2
1659;Piłka kauczuk 10 szt. 137015;10;10;0
565;Piłka gumowa z rączką 994527;71;80;9
438;Piłka gumowa Trolls Licencja 130028;53;54;1
2897;Piłka gumowa PJ Masks Licencja 128957;60;60;0
2281;Piłka gumowa Paw Patrol Licencja 129190;40;58;18
607;Piłka gumowa Paw Patrol Licencja 128957;55;58;3
956;Piłka Gumowa Paw Patrol (Psi Patrol) Licencja 129190;0;21;21
700;Piłka gumowa 994510;24;44;20
3530;Piłka gumowa 994237;1;1;0
3670;Piłka gumowa 994220;0;0;0
4410;PIłKA GUMOWA                                   878292;27;34;7
268;Piłka do tenisa ziemnego 3szt 806731;17;30;13
3759;Piłka do ściskania /12szt display/ 993759;67;89;22
429;Piłka do ściskania (światło) 12 szt. disp. 84115;0;4;4
990;Piłka do skakania z kolcami uchwyt 967477;0;1;1
2255;PIŁKA DO SKAKANIA METALIZ.2KOL.45CM 831441;24;33;9
1413;Piłka do skakania 806724;32;42;10
4356;PIłKA DO SKAKANIA  967446/Z3735/;0;5;5
2135;Piłka do koszykówki 994572;10;10;0
270;PIŁKA DO KOSZA 302004;0;2;2
502;Piłka do ćwiczeń 24 szt.;0;0;0
269;PIŁKA DMUCHANA 27CM.Z DZWONKIEM /F2659/         072422;0;0;0
1541;Piłka cyferki 75g 9wz 311990;30;30;0
3038;Piłka 6,3 cm /12szt w opakowaniu/134779;26;26;0
2629;PIŁKA 45CM DO SKAKANIA Z KOLCAMI /PG1310/ 816896;0;0;0
548;PIŁKA 24  POMPOWANA  X10;0;0;0
260;Piłka 20 cm włochata 135257;0;0;0
4259;PIłKA;0;120;120
80;Piłeczki Kauczuki 3,2cm312317;6;6;0
5000;Piłeczki do tenisa;64;64;0
5083;Piłeczka;0;23;23
5217;Piła na baterie  3wz807660, 964623;12;31;19
913;PIŁA MOTOROWA 33CM. B/O. 2357199, 61417,571993;20;55;35
4282;PIŁA DUŻA NA BATERIE  /G039744/                 933892;0;1;1
3958;Pilot TV 137589,138814;4;6;2
440;Pieski Kwiatki 300440;8;9;1
1589;Pieski - Piotruś 300471;20;20;0
1406;Piesek na smyczy 940760,065176,967822;10;24;14
4353;PIESEK NA BATERIE 978275;19;24;5
4009;Piesek flokowany kiwaczek /48 szt w op./ 809855;126;152;26
4008;PIESEK FLOKOWANY KIWACZEK /12 szt / BOX 809817, 93865;46;72;26
2443;Piesek flokowany duży 820744;33;50;17
2284;Piesek flokowany 870104;0;0;0
74016;Piesek chodzący dalmatyńczyk DY6788-7;35;51;16
2766;Piesek chodzący czapeczka;0;25;25
72806;Piesek chodzący 17-1 Puchate;53;195;142
23726;PIESEK okulary, kapelusz;0;77;77
3059;Piesek 967358;0;30;30
20020;Piesek ;8;56;48
5524;Pies sterowany radiem 967839;8;8;0
72778;Pies powtarzający 3113;0;63;63
2386;Pies na baterie 748390 ;1;7;6
1207;Pies Marceli w czapce 3 kolory 25cm /045034/;0;0;0
5249;Pies Florek kremowy 20cm siedzący /040534/;0;0;0
5263;Pies Dżeki   23 cm  /046376 / ;0;0;0
5262;Pies Colin Leżący 2 kolory 50cm  /046000 / ;0;1;1
73731;Pies chodzący na bat york 3111 100654;23;37;14
2;Pierścionki135677;16;22;6
996;Pierścionki 145485;2;2;0
3;Pierścionki 133758;6;6;0
1504;Pieniążki edukacyjne /004621/;0;1;1
1505;Pieniążki edukacyjne /003648/;0;0;0
4114;Pieniądze w kopercie złotówki 007442;2;4;2
4116;Pieniądze Polskie 000269;0;0;0
679;Pieluchy dla lalek 5 sztuk/302967/;10;10;0
2941;Pieczątki na blistrze 146048;30;36;6
627;Pieczątki 6 sztuk 148202;2;2;0
1622;Pieczątki 10sztuk 135226;8;10;2
889;Pieczątki 10 sztuk 135028;4;7;3
1194;Pieczątki 10 sztuk 135011;9;9;0
129;Piaskowe malowanki - pieski 301584;1;1;0
15657;Piaskarka;1;1;0
506;PIASEK KINETYCZNY 1KG. /TG365120/               800463;0;0;0
187;Piankowe Naboje 30szt 302929;23;38;15
5312;Pianinko pojazdym 5 wzorów 393920;6;10;4
2044;PIANINKO-GRZYB GŁ. ZWIERZĄT /TG364067/          802665;0;0;0
3995;PIANINKO-DOMEK GŁ.ZWIERZĄT  /TG364068/          802672;0;0;0
622;PERUKA IROKEZ  /ZRPIE905/   W0127         58880,901457;11;12;1
1724;PCHEŁKI /NAKŁON/  /6 w szt. w op./ 800105;33;45;12
4095;Pchanka quad z kierowcą 201576;0;24;24
15299;Pchanka Quad 122003;1;2;1
2888;Pchanka ptak 399694;64;65;1
4331;PCHANKA PIRAMIDA                                118250;0;0;0
4465;PCHANKA KÓŁKO  661934;17;67;50
5670;Pchanka Helikopter 8110882;50;70;20
3474;PCHANKA HELIKOPTER  92308, 816006;0;0;0
15086;Pchacz Zając z dzwonkiem;0;15;15
15082;Pchacz Wiewiórka z karuzelką 340039;12;18;6
3161;PCHACZ SAMOLOT 117639, 810882, 775008;65;146;81
15087;Pchacz Motyl;0;16;16
4291;Pchacz kogut 069008;50;75;25
15085;Pchacz Kaczor z dzwonkiem 340244;15;9;-6
12874;Pchacz Kaczor walec 340084;10;8;-2
15295;Pchacz Kaczor Oskar 340398;9;9;0
15084;Pchacz Kaczor kłapiący MAX 340381;1;13;12
14174;Pchacz Kaczor kłapiący 340022;36;9;-27
12819;Pchacz helikopter duży 340770;0;7;7
10776;Pchacz Helikopter;8;15;7
4290;PCHACZ;0;5;5
1360;Patelnia z warzywami do krojenia 137725;0;9;9
1667;Patelnia kolorowa z produktami /display 5szt/ 403774;10;12;2
1178;PAS Z NARZĘDZIAMI+KASK Z LATARKĄ /G032403 49123,921103;0;0;0
1063;Pas z kaskiem i narzędziami 8201415, 390288;0;3;3
1895;Parking w zestawie z samochodami i helikopterem 310054;0;3;3
1888;PARKING POLIC.Z AUTKAMI NO.660-76 /G057152      958352;0;0;0
2862;PARKING + 5 POJAZDÓW /MPH58598/                 585988;0;0;0
3005;Parking 967228;3;2;-1
3787;Parking 872922;0;13;13
909;Parasolka automat147182;29;30;1
1210;Parasolka automat 135318;0;0;0
1213;Parasolka automat 135202;0;0;0
1215;Parasolka 135059;0;0;0
5357;Para z dzieckiem + akc.  948328, 123448;0;11;11
3645;PAMIĘTNIK ZAMYKANY - PUDEŁKO /TG365130/         878650;0;0;0
552;Pamiętnik otwierany różdżką 136797;0;0;0
512;PAMIĘTNIK NA SZYFR  /TG365131/                  878667;0;0;0
41;Pamięć znaki drogowe 001747;2;2;0
144;Pamięć psy 001273;1;1;0
1130;Pamięć /000627/;0;1;1
2183;Pałka bańki, display 24 szt. 201163;0;0;0
2786;Pałka bańki 38 cm, display 24 398499;0;0;0
3811;Pałka Bańki 36cm /display 24szt/ 209121;96;96;0
3023;Pałka Bańki /display 30szt/ 391070;103;113;10
2788;Pałka Bańki /display 30szt/ 201309;0;73;73
2782;Pałka Bańki - zwierzak 38cm /display 24szt/ 398628;0;0;0
3810;Pałka Bańk- Żaba, mix kolorów /display 24szt/ 201392;43;43;0
3812;Pałka - Bańki Ludzik, 16.5cm /display 24szt/ 209138;144;144;0
3818;Pałka - Bańki Ludzik 15cm 209237;96;96;0
3815;Pałka - Bańki Laleczki 15cm 209220;120;120;0
4186;Paletki z piłką i lotką 14613;10;15;5
4102;Paleta 9 aut + znaki drogowe 135943;7;8;1
1695;Pająki z rosnącymi robakami /display 20szt/ 204997;12;30;18
718;PAJĄK NA KABEL B/O /G069889/ BLISTER            969624;0;0;0
3313;Owoce antystresowe 5,5x8 cm /12 szt. w op./313192;0;7;7
1206;Osiołek Uszek - 25cm 2 kolory /047441/;0;0;0
1205;Osiołek Donki Leżący 20cm /044068/;5;6;1
196;ORGANY NA PRĄD Z MIKROFONEM 80CM /-3738/        960034;0;0;0
197;ORGANY NA PRĄD + MIKROFON 60CM./SD3007/         002834;0;0;0
5602;Organy na baterie 282566;1;11;10
3309;Organy 962865;0;0;0
4158;Organy 043935;32;35;3
3113;Organki dla malucha /128075/;0;0;0
713;Opowiem Ci mamo 300075;2;2;0
600;Opowiem Ci Historyjkę 300082;3;3;0
4571;Opaska świecąca 887431;8;8;0
71578;Opaska pluszowa 3735-1;0;7;7
3654;Opaska gadżet / 50 szt. w op./ 92110;19;19;0
241;Okulary pływackie 312478;15;15;0
4549;Okulary olbrzyma / 12 szt. w op./69833;11.2499;24.5832;13.3333
362;Okulary do pływania 994350;14;17;3
4541;Okulary do pływania;0;4;4
4530;Okulary do pływania;0;24;24
4539;Okulary 12szt. na blistrze;0;12;12
662;Okulary /12 szt. display/ 983811;0;0;0
2100;Okulary 136964;3;3;0
806;Okulary 091805;275;0;-275
608;OKULARY - KARTA X 1 OP. /MPA80265/              802658;0;0;0
3850;Okulary;4;36;32
2730;ODKURZACZ ŚWIATŁO/DZWIĘK NO.3939 /G031831/      919124;0;0;0
606;Odkurzacz 20cm 095599;3;6;3
4053;Odkurzacz /121953/;0;0;0
4350;Odkurzacz 960322;1;3;2
1694;NOSIDŁO 30CM. Z POŚCIELĄ /LA9910B/X             417951;0;0;0
797;NOCNIK-FOTELIK  /5056/                          502658;0;0;0
75494;New baby z zawieszka z grzechotką miś rózowy048257;0;1;1
75484;New baby sprężynka pluszowa z dźwiękiem słonik różowy 048233;0;3;3
75468;New baby sprężynka pluszowa muzyczna piesek 048356;0;0;0
75469;New baby sprężynka pluszowa lew 048356;1;1;0
75483;New baby sprężynka plusz z dźwiękiem żabka 048301;1;0;-1
75485;New baby sprężynka plusz z dźwiękiem piesek miętowy 048233;0;2;2
75482;New baby sprężynka plusz z dźwiękiem miś 048301;0;3;3
75465;New baby pozytywka słonik miętowy,  różowy 048288;0;3;3
75466;New baby pozytywka miś różowy 048288;0;1;1
75464;New baby pozytywka miś różowy 048219;0;2;2
75463;NEW BABY POZYTYWKA MIŚ MIĘTOWY 18 CM048219;0;2;2
75467;New baby pozytywka miś miętowy 048288;0;1;1
75492;New baby piłka z dodatkami żyrafa 048387;0;2;2
75493;New baby piłka z dodatkami hipopotam 048387;0;2;2
75495;New baby grzechotka z zawieszką miś miętowy 048257;0;2;2
75477;New baby grzechotka z klipsem miś 048325;0;2;2
75476;New baby grzechotka z klipsem  króliczek  048325;0;2;2
75478;New baby grzechotka z dodatkami żyrafa 048363;1;1;0
75488;New baby grzechotka z dodatkami miś różowy 048271;0;2;2
75489;New baby grzechotka z dodatkami miś miętowy 048271;0;2;2
75479;New baby grzechotka z dodatkami hipopotam 048363;0;1;1
75472;New baby grzechotka słonik różowy 048240;0;1;1
75473;New baby grzechotka słonik miętowy 048240;0;2;2
75474;New baby grzechotka piesek różowy 048240;0;2;2
75475;New baby grzechotka piesek miętowy 048240;0;1;1
75490;New baby grzechotka miś różowy 048264;0;3;3
75491;New baby grzechotka miś miętowy 048264;0;2;2
71256;New Baby - Sprężynka pluszowa z dodatkami 049544;4;4;0
71149;New Baby - Słonik zawieszka z dodatkami 049568;2;2;0
71248;New Baby - Pozytywka słonik 18cm 049506;1;1;0
71249;New Baby - Pozytywka piesek 18cm 049506;0;0;0
71250;New Baby - Pozytywka osiołek 18cm 049506;2;2;0
71255;New Baby - Pozotywyka osiołek 22cm 049582;2;2;0
71253;New Baby - Pozotywyka króliczek 22cm 049582;2;2;0
71246;New Baby - Piesek zawieszka z dodatkami 25cm 049575;0;0;0
71147;New Baby - Piesek zawieszka z dodatkami 049568;1;1;0
71141;New Baby - Osiołek Grzechotka z dźwiękiem 21cm 049537;1;1;0
71244;New Baby - Miś zawieszka z dodatkami 25cm 049575;1;1;0
71140;New Baby - Miś Grzechotka z dźwiękiem 21cm 049537;2;2;0
71267;New Baby - Grzechotka Słonik 16cm 049513;0;1;1
71265;New Baby - Grzechotka Piesek 16cm 049513;0;1;1
71263;New Baby - Grzechotka Miś 16cm 049513;0;0;0
265;Nasza Ziemia Quiz 804525;10;1;-9
264;Nasza Polska Quiz 804501;20;2;-18
263;Nasza Europa Quiz 804518;10;2;-8
3089;NARZĘDZIA+WIERTARKA W SKRZYNCE /MP23440T/       234404;0;0;0
14465;NARZęDZIA WIERTARKA;0;0;0
74232;Narzędzia podkoszarka 962711;27;49;22
1912;Nakręcanki do kąpieli - 2 rybki 305081;60;60;0
5158;Nakręcanki 303575;0;0;0
5099;Nakręcanki-zolw  220027;0;0;0
278;Nakręcanka piesek /display 12szt/03033;0;0;0
5161;Nakręcanka myszka /12szt displ/302905, 67247;102;128;26
5101;Nakrecanki-hipopotam   220065;0;1;1
5100;Nakrecanki- krokoldyl 220034;0;4;4
363;NAKLEJKI WYPUKŁE /ZRYL0004-003/                 054929;0;0;0
709;NACZYNIA Z KUCHENKĄ W WORKU /ZRH1229/           113152;0;0;0
4326;NACZYNIA W SIATCE                               123582;13;6;-7
3188;Naczynia 617494;0;4;4
729;Na grzyby 301546;4;4;0
14464;MYSZKI W PUDEłKU;0;0;0
1689;Myszki nakręcane 12 szt. box 809800, 894193;140.0333;306;165.9667
3905;MYSZKA NAKRĘCANA MNJ. X 12SZT875642, 968935, 875642;514;542;28
4072;MYSZKA NAKRĘCANA ;0;0;0
1426;Muzyczne pianinko 304619;0;0;0
338;MUCHA ZE ŚWIATŁEM NACIĄG SZNUREK /14364/BC      617954;0;0;0
2501;Mozaika 142637;12;12;0
468;Mozaika 131631;0;0;0
3960;Mozaika 100125;0;0;0
2682;MOTYLKI-MAGNESY  /K8889/5                       158880;0;0;0
4581;Motorówka na baterie 966241;12;12;0
32736;"Motorek ""Sport New"" /050179/";0;1;1
32735;"Motorek ""Mati"" /050360/";0;1;1
72733;"Motorek ""Cross"" 050186";0;3;3
72734;"Motorek ""Cross 2"" 050261";0;2;2
3950;MOTOR Z KOSZEM NA BATERIE  /G040439/      50097,879183;0;0;0
71277;"Motor wyścigowy ""Kros"" 016232";8;13;5
71275;"Motor wyścigowy ""Bajk"" 008978";10;21;11
71372;Motor strażacki (NL) (w woreczku) 071316;3;8;5
71371;Motor ratowniczy (NL) (w woreczku) 048097;0;1;1
71373;Motor policyjny (NL) (w woreczku) 071323;1;2;1
71278;"Motor policyjny ""Chopper"" 008947";10;19;9
1809;MOTOR COOPER ŚW./DZW. /TG363197/  WOREK         876632;0;0;0
15041;Motor B;2;2;0
4277;Motor 93745 /993745/;0;1;1
15040;Motor 2;0;2;2
1201;MOTOCYKLISTA 20CM. W WORKU /G075650/            966579;0;0;0
5299;Motocykl, światło,dzwięk /162787/;8;13;5
1607;Motocykl z napędem 400587;49;72;23
4435;MOTOCYKL                                        008804;0;3;3
5029;Młynek do piasku;0;0;0
4209;Młotek piszczący 992915,919236, 879213;75;168;93
4406;MłOTEK PISZCZąCY                                879220;4;20;16
1322;Młotek na baterie /G1516/123896/;0;0;0
40;Młotek na baterie 115433;0;6;6
986;Młotek na baterie 112234;10;11;1
3191;Młotek Grzechotka 400280;0;3;3
5311;Młotek edukacyjny, św.,dźw./TA384/392282/;0;0;0
3104;Młotek edukacyjny, św, dźw /392282/;0;0;0
4407;MLOTEK PISZCZąCY                              879213;0;0;0
5261;Miś Zbyś 2 kolory z kokardką 23 cm  /046345 / ;0;0;0
1203;Miś Superbohater w bluzeczce 4 kolory 20cm /046239/;0;0;0
5253;Miś popielek 28cm w sukience /047182/;3;3;0
1202;Miś Lilian 2 Kolory 31 cm /046024/;0;0;0
5266;Miś i Piesek Bebik 23 cm;0;0;0
75501;Miś Grzegorz 55 cm 045287;3;5;2
1200;Miś Gift 20cm (siedzący 2 kolory /036599/;0;0;0
1173;Mistrz Słowa-Mini  003475;0;0;0
5152;Mirofon na baterie 808957;0;0;0
2764;Mini konik /24szt display/ 405544;57;57;0
4438;MINI GOLF                                       008774;0;9;9
5324;Mini cymbergaj na baterie /G030814/ 920557/;0;2;2
4151;Mini bilard blister 817324;11;26;15
75480;Miluś z dodatkami żabka 048295;0;0;0
75471;Miluś z dodatkami miś 048318;0;0;0
75470;Miluś z dodatkami króliczek 048318;0;1;1
75481;Miluś z dodatkami kaczka 048295;0;0;0
75487;Miluś słonik z dodatkami różowy 048226;0;1;1
75486;Miluś słonik z dodatkami miętowy 048226;0;0;0
75608;Miluś - zwierzątka z grzechotką słonik 19 x 19cm 049605;2;2;0
75609;Miluś - zwierzątka z grzechotką osiołek 19 x 19cm 049605;1;1;0
75610;Miluś - Sowa z dodatkami 17x19,5cm 049377;5;5;0
75607;Miluś - Słonik 25x25cm 049230;2;2;0
75604;Miluś - Piesek 25cm x25cm 049278;2;2;0
75605;Miluś - Owieczka 25x25 cm 049261;2;2;0
75611;Miluś - Miś 25x25cm 049308;3;3;0
75612;Miluś - Miś 25 x 25cm 049254;4;4;0
75606;Miluś - Hipcio 25x25 cm 049223;2;2;0
4052;Mikser /118007/;0;0;0
3675;Mikser 142279;11;11;0
4051;Mikser  /118403/;0;0;0
1862;Mikrofon,  światło, dźwięk 398116;0;5;5
5535;Mikrofon z funkcją nagrywania, św, dźw 203082;1;4;3
2817;MIKROFON STOJĄCY B/O. NO.5867  /G057294/  60249,617923;0;0;0
5368;Mikrofon na baterie /717877/ MPE71787;0;3;3
192;Mikrofon na baterie 802757;11;22;11
882;Mikrofon Karaoke BO 312935;12;12;0
5533;Mikrofon echo ze światłem 398734;0;2;2
4412;MIKROFON ECHO                                  802795;7;19;12
1791;MIKROFON B/O. CZARNY  NO.1319A                  293607;0;0;0
3633;Mikrofalówka /ZR3214N/6960315/;0;0;0
1875;Miękki wąż w siatce, pełny dł. 75 cm. 203181;0;0;0
180;Miękka ślizgo-piłka 392749;0;0;0
52;Miękka piłka i kostka /004636/;0;0;0
4547;Miecze z bańkami;0.0001;16.2501;16.25
4388;Miecz z bańkami /display 30szt/962872;461;522.7;61.7
4220;Miecz z bańkami /display 24szt/ 962889;240;252;12
2820;Miecz z bańkami /24szt display/ 965934;0;50;50
4388;MIECZ Z BAńKAMI                               62872;0;0;0
4548;Miecz z bańkami;0.3337;15.7917;15.458
1056;MIECZ ŚWIECĄCY  /HL319111/  WOREK               271120;5;11;6
5244;Miecz piankowy (12 szt.);0;31;31
5234;Miecz piankowy (12 szt) ;0;30;30
5237;Miecz na baterie /G075687/;0;0;0
4262;MIECZ NA BATERIE;42;70;28
3128;Miecz na bańki mydlane /display 24szt/134380;0;95;95
4413;MIecz na bańki mydlane 112265;4;48;44
2917;Miecz na bańki mydlane 112241;31;32;1
2739;Miecz na bańki mydlane 090310;5;5;0
685;Miecz na bańki 24 szt. display 479829;0;0;0
2837;Miecz na bańki 064328;2;19;17
3788;Miecz do baniek j. polski /display 24szt/ 800098;144;336;192
4075;Miecz do baniek (24 szt. w op.) 968986;145;151;6
2937;Metalowy samochód dostawczy, św.  /8 szt. w op./ 399922;0;7;7
5195;Metalowe samochodziki box (24 szt. w op.) 392091;0;4;4
823;Metalowe Samochody SUV, /display 18szt/ 399335;2;2;0
1119;Metalowe autka sportowe, frict., (12 szt. w op.) 397157;0;0;0
616;MERC. 1:24 F/F.RADIO+ŁADOW.  /Q2192/            120550;1;1;0
5627;Megafon na bańki mydlane 137343;40;56;16
11261;Meble Zuzia 980615;5;0;-5
5023;Meble dla lalek 996347;0;0;0
5543;Mebelki 136544;0;10;10
3361;Mebelki 135981;0;0;0
15654;Maxima;0;1;1
424;MATERAC PLAŻOWY 208X116CM. /469079/             469079;0;1;1
5663;Materac Neon 408828;8;8;0
4054;Mata na baterie /132362/;0;0;0
3012;Mata Grająca 401188;2;2;0
2760;Mata dziecięca /MPH35979X/359794/;2;2;0
5337;Mata drogowa z samochodem 816568;0;0;0
5568;Mata drogowa z samochodem 8030440;20;18;-2
1079;Mata do kolorowania /129997/;0;0;0
1078;Mata do kolorowania /129980/;0;0;0
114;Mata dla Bobasa 973218;1;1;0
3623;Mata 967402;0;0;0
1197;Maszynka do mięsa 137442;0;1;1
5239;Maszyna rolnicza z przyczepą /G077917/;2;12;10
5179;Maszyna rolnicza z paczkarką997818, 203495;8;35;27
5181;Maszyna rolnicza 997795, 203501;0;26;26
5119;Maszyna rolnicza 997788;0;3;3
5172;Maszyna rolnicza 997757;0;1;1
4527;Maszyna rolnicza 3997801;0;0;0
69;MASZYNA ROLNICZA  /157257/   MANITU M           572570;0;0;0
2895;Maszyna do szycia 144563;1;0;-1
4050;Maszyna do szycia  118892, 303025;0;0;0
2132;MASZYNA BUDOWLANA NO.3316 /X1751/ MANITU 572394;0;0;0
5240;Maszyna budowlana /G089704/;26;37;11
3115;Maszyna budowlana /113651/;0;0;0
4525;maszyma budowlana 51551;0;12;12
4253;MASKOTKA WIEWIÓR;0;18;18
4256;MASKOTKA SID;0;10;10
4254;MASKOTKA PINGWIN;0;10;10
4251;MASKOTKA PIES;0;26;26
4258;MASKOTKA MINI;0;18;18
3732;Maskotka konik z dźwiękiem406596;16;37;21
3699;Masa plastyczna pizza 131044;0;0;0
1900;Masa plastyczna 4 pojemniki 090617;8;11;3
2918;Masa plastyczna /12 szt./ 65450;0;0;0
2850;Masa plastyczna 967969;30;30;0
98;Masa plastyczna 544152;69;71;2
2314;Masa plastyczna 145331;2;5;3
314;Masa plastyczna 144549;9;9;0
3695;Masa plastyczna 137350;6;10;4
1901;Masa plastyczna 131037;0;4;4
3693;Masa plastyczna 130979;0;1;1
1872;Masa plastyczna 127177;9;9;0
73959;Masa plastyczna - Glut Owoc /18szt display/ 967389;0;0;0
795;Masa pierdząca, świnka /display 12szt/ 205062, 391186;48;74;26
3009;Manitu 968942, 572570;3;11;8
1077;Mała Syrenka-Calineczka /324238/;0;0;0
5003;Malowidła dla lalek 875543;0;0;0
5153;Malowidła dla lalek 809077;0;0;0
5154;Malowidła dla lalek 809060;0;0;0
5150;Malowidła dla lalek 805512;92;116;24
5309;Malowidła dla lalek /TG220150/ 875123/;0;4;4
3281;Malowidła dla lalek /803914/;0;0;0
3701;Malowidła dla lalek 985273;0;0;0
2869;Malowidła dla lalek 942955;0;20;20
4015;Malowidła dla lalek 873501;0;2;2
5002;Malowidła dla lalek 873495;22;41;19
1923;Malowidła dla lalek 870838;24;37;13
1802;Malowidła dla lalek 822472;0;21;21
1748;Malowidła dla lalek 400259;0;2;2
5333;Malowidła dla lalek  /986485/;0;0;0
5335;Malowidła dla lalek  /956839/;0;0;0
2063;MALOWIDŁA 4CZĘŚCI-KSIĘZYC  /MPD70396/           703962;0;0;0
1760;Make it real - Zestaw kreatywny Bransoletki z Literkami 012052;6;6;0
1212;Magiczny piasek 986683;7;8;1
1575;Magiczny Piasek 977957;0;0;0
73560;Magiczne Koła 1348-2;0;0;0
90;ŁYŻECZKI SYLIKONOWA KOŃCÓWKA 2SZT./PB3207/      085121;15;16;1
5020;Łuk w folii 0082976;0;27;27
5242;Łuk na blistrze 981770;0;0;0
939;Łuk na blistrze 427922;0;4;4
2194;ŁUK 42CM +3 STRZAŁY /HL315307/ WOREK            035428;0;0;0
5015;Łuk + kolczan 0106013;0;21;21
71234;Łóżeczko składane dla lalek Nr3 (6 elem.) (w woreczku) 062055;2;3;1
71233;Łóżeczko składane dla lalek Nr2 (5 elem.) (w woreczku) 062048;3;3;0
13611;łóżeczko małe;1;4;3
11584;Łóżeczko duże;0;2;2
10179;Łóżeczko 980509;4;3;-1
71238;Łóżeczko-huśtawka dla lalek Nr3, składane (8 elem.) (w woreczku) 062079;0;0;0
71389;Łóżeczko-huśtawka dla lalek Nr3, składane (8 elem.) (w woreczku) 062079;2;3;1
71235;Łóżeczko-huśtawka dla lalek Nr2, składane (7 elem.) (w woreczku) 062062;0;0;0
5504;Łowienie rybek na magnes 398635;6;17;11
768;ŁOPATKA,GRABKI /HEM/                            002462;0;0;0
70166;Łopatka duża 163025;26;20;-6
70754;Łopata duża Viking163148;50;25;-25
4367;łAPACZ                                          63060;0;32;32
107;Lusterko św, dźw, display 12szt /397478/;1;2;1
3003;Lotnisko 966092;1;6;5
5180;Lotki do kometki 035398;9;28;19
5128;Lotki 3 szt;33;49;16
2610;Lornetka135967;0;0;0
72902;Lornetka Plastik0070716, 137231;134;211;77
5398;Lornetka 6szt/Display  179606;0;14;14
4393;Lornetka 000876, 947281, 964807;132;166;34
5317;Lokomotywki nakręcane 392596;0;73;73
1546;LOKOMOTYWKA Z TOREM  /17526/                    614960;0;0;0
3817;Lokomotywka B&GO, św dźw 208414;31;33;2
1382;LOKOMOTYWKA - TELEFON DZW/ŚW. /ZM003/           106888;0;0;0
3848;Lokomotywa, św, dźw. /396747/;0;0;0
4098;Lokomotywa na baterie mówi po polsku 818741;82;87;5
4177;Lokomotywa na baterie /461483/;0;0;0
97;Lokomotywa kolorowa na baterie /display 8szt/ 403132;21;28;7
5281;Lizak policyjny/125449/;0;0;0
2496;Lizak policyjny 136827;5;26;21
448;Lizak policyjny 131808;0;12;12
5163;Litery i cyfry magnetyczne 304060;6;0;-6
3051;Literki magnetyczne 402647;6;4;-2
866;Literki i cyferki 003864;0;0;0
4538;Liczydło mini;0;2;2
4537;Liczydło;0;0;0
1189;Liczmany  013481;6;6;0
5319;Leżaczek z wibracjami /95009/;0;0;0
5321;Leżaczek dla dziecka do 18 kg. wibracje, dźwięk /94583/;0;0;0
5323;Leżaczek dla dziecka do 18 kg. wibracje, dźwięk /394590/;0;0;0
5322;Leżaczek dla dziecka do 18 kg. wibracje, dźwięk /394576/;0;0;0
5320;Leżaczek  z wibracjami i dźw. do 18 kg. /395061/;0;0;0
1070;Leśne przygody Pszczółki /324283/;0;0;0
3692;LEKARZ W PUDEŁKU  /MPJ88785/              86625,887853;0;0;0
3175;Laweta z autkami 398420;0;0;0
5539;Laweta z autami 301190;5;13;8
5630;Latawiec orzeł 148219;0;0;0
2576;Latawiec nietoperz 134953;0;0;0
3001;LATAWIEC DO MONTAŻU PLASTIKOWY /G029112/        955528;2;7;5
5628;Latawiec 147519;20;20;0
5629;Latawiec 147496;20;20;0
5632;Latawiec 147489;0;6;6
5631;Latawiec 147472;10;10;0
184;LATAJĄCY SOLARNY MOTYLEK  /BJ/2015              615653;3;0;-3
814;Latający dysk ze światłem 399052;0;0;0
684;LATAJĄCA BILA MNJ.W SIATCE 303223;4;6;2
1679;LATAJĄCA BILA 300543;0;1;1
4135;Lama gniotek /12 szt. w op./311235;1;25;24
5353;LALKA+MAŁA Z WÓZKIEM NA KARCIE /MPA20197/       201970;0;0;0
5393;Lalka689978;0;0;0
113;Lalka ze zwierzętami 996781;0;0;0
4305;Lalka ze skuterem/969246/;0;5;5
4572;Lalka ze skrzydełkami na baterie 870487;5;33;28
5223;Lalka ze skrzydełkami 341644;0;0;0
599;Lalka zakochana księżniczka w różku 29cm /display 12szt/ 300819;0;3;3
435;Lalka zakochana księżniczka 29cm w różku /display 12szt/ 300833;0;10;10
1487;Lalka z koniem 998525;0;0;0
1145;Lalka z koniem 996866;0;0;0
5326;Lalka z dźwiękiem /G090049/985761/;0;0;0
4032;Lalka z dzieckiem + akc. 576836, 571008;16;33;17
5334;Lalka z akcesoriami /952480/;0;0;0
5332;Lalka z akcesoriami /941101/;0;0;0
5330;Lalka z akcesoriami /879114/;0;0;0
1705;Lalka z akcesoriami 996903;2;3;1
101;Lalka z akcesoriami 996873;13;32;19
1579;Lalka z akcesoriami 996842;0;4;4
2038;Lalka z akcesoriami 9402376;0;1;1
4184;Lalka z akcesoriami 819526;0;0;0
4183;Lalka z akcesoriami 818833;2;2;0
1727;Lalka z akcesoriami 408262;34;36;2
1351;LALKA Z AKCESORIAMI  /G089752/986126/;0;0;0
987;LALKA WRÓŻKA LATAJĄCA MNJ. /MPE97965/           979657;0;0;0
4021;Lalka w zestawie 034554;0;0;0
4020;Lalka w zestawie    033021;0;0;0
186;Lalka w sukni balowej /TAT2068-19/393500/;0;0;0
289;Lalka w nosidełku 964975;32;34;2
5645;Lalka w nosidełku 148882;0;3;3
5596;Lalka w ciąży 136261;13;18;5
5265;Lalka Tosia 35 cm;0;1;1
14463;LALKA śWIECąCA;0;0;0
2593;LALKA ŚPIEWAJACA Z AKCESORIAMI /KT6300F/        000747;0;0;0
1588;Lalka Szmacianka Mała 819647, 878711;34;50;16
5340;Lalka szmacianka j.polski /TG400738/810684/;0;0;0
5647;Lalka szmacianka Dorotka śpiewająca i mówiąca po polsku 145126;34;36;2
1587;LALKA SZMACIANKA 30CM. /PG2870/                 828700;0;0;0
3056;LALKA SZMACIANKA  J.POLSKI  /TG400737/810691/;16;7;-9
4442;LALKA SZMACIANKA                               009375;0;4;4
945;Lalka Syrenka ze światłem 939597;0;7;7
2755;Lalka syrenka ze światłem 410340;96;96;0
2056;Lalka syrenka na baterie 879985;0;4;4
1309;LALKA SYRENKA 35CM.+AKC. /TA532-4/  BLIST       004902;0;0;0
122;Lalka Syrenka 29cm Display 12/48 300710;0;2;2
3743;LALKA SYRENKA + AKC. /MPF42433/  PUD.           424331;0;0;0
3181;Lalka syrenka 993004, 408866;80;80;0
1312;Lalka syrenka 300925;0;11;11
3480;Lalka superbohaterowie 300414;0;17;17
5372;Lalka sikająca/B764/133154/;0;0;0
538;Lalka sikająca bateria 105847;0;1;1
5378;Lalka przytulanka z dźwiękiem 982821;0;0;0
1163;LALKA PRZYTULANKA J.POLSKI 972020,877356;52;89;37
4395;LALKA PARKA W WORKU                             113070;0;6;6
4394;LALKA PARKA W WORKU                             113060;0;0;0
1548;Lalka na skuterze 307979;0;1;1
200;Lalka malutka w szafie 403859;0;0;0
550;Lalka malutka /display 12szt/ 04016;0;8;8
5264;Lalka Maja 20cm  /045836 / ;0;0;0
131;Lalka magiczna baletnica ze skrzydełkami 29cm /display 12szt/ 300680;0;13;13
382;LALKA LODOWA 2SZT.W PUDEŁKU                     293726;0;0;0
535;Lalka księżniczka Gala 29cm /display 12szt/ 300703;0;0;0
4199;Lalka dźwiękowa masza 812787;0;3;3
71846;Lalka duża siedząca ;0;1;1
159;Lalka Dorotka śpiewająca i mówiąca po polsku 116881;3;3;0
85;Lalka Dorotka śpiewająca i mówiąca po polsku 116799;3;3;0
5545;Lalka Dorotka śpiewająca i mówiąca po polsku 116478;0;0;0
537;Lalka Dorotka śpiewa i mówi po polsku 127528;0;0;0
539;Lalka Dorotka śpiewa i mówi po polsku 121779;0;2;2
3166;Lalka Dorotka szmacianka śpiewa i mówi po polsku 141531;0;1;1
880;Lalka Dorotka szmacianka śpiewa i mówi po polsku 106660;0;0;0
2985;Lalka Dorotka szmacianka śpiewa i mówi po polsku 106653;0;1;1
4060;Lalka Dorotka szmacianka śpiewa i mówi po polsku 105960;0;24;24
4059;Lalka Dorotka szmacianka śpiewa i mówi po polsku  /109678/;0;0;0
4058;Lalka Dorotka szmacianka śpiewa i mówi po polsku  /109661/;0;0;0
4061;Lalka Dorotka szmacianka śpiewa i mówi po polsku  /106660/;0;0;0
4062;Lalka Dorotka szmacianka śpiewa i mówi po polsku  /106622/;0;0;0
3106;Lalka Dorotka mówiąca i śpiewająca po polsku /116775/;0;4;4
5646;Lalka Dorotka Bobas śpiewająca i mówiąca po polsku 116782;21;26;5
5343;Lalka długie włosu j.polski 55 cm /TG000022/804898/;0;0;0
5542;Lalka chłopiec 140633;14;16;2
3876;LALKA CHŁOPAK  /TG364289/                       879107;0;0;0
133;Lalka Bobas Zuzia z akcesor (Pielucha, butelka) 309225;0;1;1
3729;Lalka bobas z akcesoriami 999959;1;2;1
5339;Lalka bobas j.polski 37 cm877257;0;5;5
5149;Lalka bobas j.polski 877370;13;46;33
1101;LALKA BALOWA  /G075791/;0;0;0
4308;LALKA 969277;0;0;0
4307;LALKA 969260;0;15;15
4306;LALKA 969253;0;0;0
911;LALKA 8SUKIENEK + AKC. 256405,564053,289778, 1070082;0;5;5
3320;Lalka 6 wz. 201446;0;10;10
4035;Lalka 6 szt. display 996255;0;0;0
73567;Lalka 5682A-2 422823;70;28;-42
73566;Lalka 558-C 417317;0;20;20
3015;Lalka 471964;10;19;9
2702;LALKA 4 dzw: 14' /MPH8436/084399/;0;5;5
408;"LALKA 12 DZW. 16"" PIJE/SIUSIA /MPH08436/        084368";0;2;2
915;Lalka 11.5 inch403491;169;166;-3
1604;Lalka 11.5 inch tuba 401060;9;12;3
2590;"LALKA 11"" SOFIA 966074";0;0;0
1866;"LALKA 11""  ""SPARKIE""  225877";0;3;3
2852;Lalka + ubranka 008132;0;0;0
4037;Lalka + akc.  /537734/;0;0;0
611;LALKA + 4 SUKIENKI /961849/                     618490;0;0;0
1855;LALKA + 30  SUKIENEK  /034956/                  349560;0;0;0
1170;LALKA + 11 SUKIENEK,AKC. /TG219703/             803594;0;0;0
2973;Lalka /995270/;0;0;0
420;Lalka /994100/;0;0;0
3124;Lalka /164907/;0;0;0
433;"Lalka ""Magiczna baletnica"" 29cm /display 12szt/ 300697";0;6;6
5506;Lalka 996710;0;12;12
3053;Lalka 995937;0;6;6
2046;Lalka 989954;24;17;-7
3363;Lalka 984460, 980004;77;47;-30
5591;Lalka 973911;0;15;15
2251;Lalka 910009;29;37;8
4042;Lalka 892008;24;33;9
5553;Lalka 707376, 170700;58;64;6
5625;Lalka 564008;5;7;2
5507;Lalka 515474;0;8;8
2701;Lalka 487629;0;0;0
1779;Lalka 410388;68;69;1
5528;Lalka 389670;1;3;2
5523;Lalka 341644;0;13;13
4034;Lalka 30961, 074510;0;0;0
4169;Lalka 285605;0;0;0
2212;Lalka 160000,160006;9;14;5
2692;Lalka 153455;17;31;14
5529;Lalka 147351;25;39;14
5199;Lalka 094516;25;45;20
5525;Lalka 070148;0;2;2
2211;Lalka 060002;16;20;4
5056;Lalka 043842;12;23;11
3707;Lalka 018327;6;6;0
25391;Lalka ;0;9;9
4328;LALKA                                           119530;0;0;0
14462;LALKA;0;0;0
3576;Laleczki /TAT2068-19/393500/;0;0;0
1251;Laleczki - bobasy z akc. /6 szt. w op./ 200883;0;14;14
3424;Laleczka z pieskiem 146925;2;14;12
4821;Laleczka z garderobą i akcesoriami 205543;17;19;2
271;Laleczka Sally 313147;39;39;0
88;Laleczka Sally - Zestaw z pieskiem 313178;7;7;0
772;Laleczka Sally - Zestaw różowa kuchnia 313161;7;7;0
624;Laleczka Sally - Zestaw Niebieska Kuchnia 313154;8;8;0
5622;Laleczka mini z pieskiem 146888;6;11;5
7;LADOWARKA 29CM /548784/                         487847;18;20;2
75673;"Kuter ""Patrol"" 047212";5;5;0
3019;KUSZA NA KARCIE 43X28CM. /92663/NC              992663;0;0;0
5024;Kusza drewnina;0;9;9
4276;KUSZA;1;0;-1
1794;Kulki żelowe mix kolorów 967150;18;47;29
5147;Kulki wodne 879459;8;222;214
63;KULKI WODNE  X20 805727;39;1295;1256
524;KULKI W GRANACIE  X24 ;0;174;174
74523;Kulki Srebrne 6mm 719565;0;19;19
4264;KULKI GRANAT;0;4;4
70955;Kulki do pistoletów / 24 szt. w op./ 988656;384;720;336
74461;Kulki 800szt opakowanie707167, 262312;0;223;223
70394;Kulki 6 mm granat mały 800-4;0;223;223
14460;KULKI 6 MM 1000 SZT;3;0;-3
4287;KULKI;0;22;22
4286;KULKI;0;50;50
5227;Kula z kitą 964005;0;55;55
3677;KULA SFERA MNJ. W FOLII  /MPA31959/             319590;10;12;2
5117;Kula sfera   301267;0;0;0
525;KULA MAGICZNA  X 12SZT /G076031/                970330;0;0;0
4543;Kula magiczna;0;3;3
2477;Kula grzechotka 398918;9;28;19
3090;Kula grzechotka 398901, 817300;0;42;42
4363;KUFEREK                                         002202;1;1;0
542;Kucyk w jajku 12.5cm 300544;0;0;0
938;Kucyk 7cm w jajku 300537;4;5;1
3749;KUCHNIA Z AKC./630548/ZR008-87A/;0;0;0
2481;KUCHNIA WIELOFUNKCYJNA 100CM. /MR/        ;0;5;5
2325;KUCHNIA ŚW/DZW. 63X45CM. /ZR661-51/             096691;0;0;0
3614;KUCHNIA /6305531/ZR008-97A/;0;0;0
5354;Kuchnia /103410/;0;0;0
2431;KUCHNIA (SWIATŁO,DZWIĘK) NO.3151 /G014207/      908494;0;0;0
12504;Kuchenka 980295;3;5;2
99;KUBEK ZE SŁOMKĄ 180ML. /PB8203/                 085107;2;2;0
4263;Kubeczki piramidka z autkiem 303803;3;5;2
728;Ktoś TY ? 301539;3;3;0
5148;Księżyc muzyczna zabawka 308075;10;12;2
5248;Królik Nina z szalem różowym 30cm /044655/;0;0;0
1075;Królewna Śnieżka - Legenda o Smok Wawelski  /324146/;1;1;0
617;Krokodyl gumowy z piszczkiem /display 12szt/ 402418;8;38;30
10777;Kręgle w koszyku;5;2;-3
32732;Kręgle Maxi 6+1 /050483/;0;6;6
39;KRĘGLE MAŁE /TOYS/                              306084;0;0;0
10222;Kręgle Duże;2;1;-1
4374;KREDA DO ASFALTU                                68768;31;37;6
5129;Kreda 112869;0;0;0
783;KÓŁKO NADM.51CM.-HELLO KITTY /SP56200/          562008;0;0;0
419;Kowboje Strażacy 300419;4;4;0
4243;KOSZYKÓWKA;8;8;0
4261;KOSZYKÓWKA;12;13;1
4105;Kostki do gry 134922;22;22;0
527;Kostka średnia 968027;275;240;-35
5173;Kostka magiczna 923794/810486/;0;0;0
1722;Kostka magiczna 990277;14;25;11
1972;Kostka magiczna 967075;0;18;18
2029;Kostka magiczna 926658;18;55;37
1772;Kosmita do ściskania /12szt w display/ 405841;0;0;0
5189;Kosiarka z bańkami 60915;0;13;13
870;KOSIARKA DO TRAWY  /SYP/                        300095;0;0;0
12812;Kosiarka 2;4;8;4
2181;Koraliki zestaw Sowa 311761;11;14;3
1847;Koraliki Zestaw 311679;3;9;6
3011;Koraliki do nawlekania 977728;0;4;4
2635;Koraliki 136674;2;17;15
2407;KOPARKO - SPYCHACZ /SYP/  SIATKA                300217;0;0;0
921;KOPARKA NO.312  40CM./60328/  KLOSZ             960328;0;0;0
3251;KOPARKA na radio /TG364150/ 803198/;0;0;0
5167;Koparka na kołach 992939,94049;0;0;0
5601;Koparka na kabel 192377;2;3;1
15038;Koparka mała;4;2;-2
75228;Koparka duża na napęd 0045569;0;7;7
15039;Koparka Duza;0;1;1
4212;Koparka 93554/993554/;0;13;13
2841;KOPARKA 45CM.  KLOSZ 48362,273440;0;3;3
4144;Koparka 40cm worek 404399;6;7;1
1978;Koparka 30cm worek 403286;11;11;0
3200;Koparka 23cm worek 403873;22;24;2
2159;Koparka 997825 ;1;1;0
5171;Koparka 997771;0;14;14
4207;KOPARKA                                         993165;0;5;5
147;KOŃ W WORKU 005930;0;0;0
71503;Koń na biegunach - funkcje 801750;0;2;2
634;KOŃ NA BIEGUNACH-DZWIĘK /Z4238/                 973584;0;0;0
632;KOŃ NA BIEGUNACH-DZWIĘK /Z4237/    ŁATY         973577;0;0;0
2116;Koń flokowany + 2 małe 800814;44;83;39
5200;Koń flokowany 877288;36;36;0
4056;Koń dla Barbie /109357/;6;6;0
4057;Koń dla Barbie /109340/;0;0;0
5331;Koniki na blistrze /805918/;0;0;0
4441;KONIK ZEWSTAW                                   006589;0;9;9
1252;Konik z maleństwem i akcesoriami 399113;12;12;0
2090;Konik z akcesoriami /display 12szt/ 404899;40;46;6
2380;Konik z akc. do czesania 203433;19;19;0
2740;Konik z akc. BOX 393562;0;0;0
2438;Konik z akc. 203426;0;17;17
5289;Konik świecący  /119899/;0;1;1
2370;Konik przeźroczysty ze św. /12 szt. w op./ 399441;0;6;6
4336;KONIK NA BLISTRZE                               106554;0;1;1
4189;Konik morski gniotek /12 szt. w op./311242;0;0;0
2451;Konik flokowany rodzinka 800807/403473;0;3;3
1084;KONIK + akc. do czesania 395726;0;3;3
872;Konik 822533;18;18;0
3034;Konik 813708;0;2;2
2093;Konik 140572;0;0;0
5140;Konie flokowane;0;0;0
4570;Konic przezroczysty z akcesoriami 203303;36;43;7
70231;Konewka duża 050469;47;30;-17
70164;Komplet zamek z konewką 163063;33;33;0
5027;Komplet zamek 8 elementów z młynkiem;0;6;6
5031;Komplet zamek 5 elementów z młynkiem;0;6;6
5032;Komplet zamek 4 elementy;0;2;2
70625;Komplet Zamek + Piłka 163421;18;16;-2
70165;Komplet zamek 163056;22;20;-2
5028;Komplet kwiatek 5 elementów z młynkiem;0;6;6
5030;Komplet kwiatek 4 elementy;1;1;0
12117;Komplet kuchenny 980561;11;4;-7
4360;KOMPLET KONIECZYNKA RÓŻ                         000833;0;1;1
4359;KOMPLET KONIECZYNKA                           000833;0;5;5
4361;KOMPLET KONIECZYNKA                             000857;0;15;15
5034;Komplet koniczynka 4 elementy;0;7;7
5033;Komplet kogucik 3 elementy;0;2;2
70629;Komplet Karbowany z Młynkiem ;15;9;-6
70161;Komplet karbowany z konewką 163018;15;28;13
70160;Komplet karbowany 163001;28;26;-2
70050;Komplet do prasowania 000155;20;20;0
10195;Komplet do piasku Krecik;0;5;5
4458;Kombajn378566, 874508, ;0;0;0
70816;Kombajn mały do kukurydzy 34CM. 6275457, 00238,751570,754661,961097;11;24;13
4366;Kombajn mały 876175;0;28;28
1747;KOMBAJN HARVESTER MAŁY-ZBOŻE /2500002/    00026,500004;0;0;0
82;Kombajn farm klosz  33143,904724,785662;34;40;6
74545;Kombajn duży zboże 960304, 005070, 355452;17;88;71
74546;KOMBAJN DUZY do kukurydzy 971183, 005087, 870425, 960311;21;46;25
70817;Kombajn do zboża 34cm 754579, 395672, 961080;21;39;18
5211;Kombajn /936181/;0;0;0
3680;KOMBAJN /92597X/;0;0;0
5210;Kombajn /745202/;0;8;8
5058;Kombajn 489390;0;0;0
4503;Kombajn 331450;0;20;20
4427;KOMBAJN 005087, 754579;0;0;0
4372;KOMBAJN                                      69796;0;11;11
11615;Kołyska Zuzia 2980622;4;1;-3
12949;kołyska mała;4;4;0
13767;"Kołyska ""Motylek"" 980639";6;3;-3
12975;"Kołyska ""Jabłuszko"" 647075";2;2;0
10177;Kołyska 980073;14;6;-8
5260;Kolekcja Silver - Pies 35cm;0;0;0
5259;Kolekcja Silver - Pies 25cm  / 045393 / ;0;0;0
5256;Kolekcja Silver - Miś 35cm  /045515/;0;0;0
5257;Kolekcja Silver - Miś 25cm  /045379 /;0;0;0
5255;Kolekcja Silver - Królik 30cm  / 045522 /;0;1;1
75499;Kolekcja kropeczkz pies z kocykiem niebieski 25 cm 048172;0;0;0
75498;Kolekcja kropeczka pies z kocykiem różowy 100x75 048172;0;0;0
5250;Kolekcja Kropeczka - Słoń z kocykiem 21cm  /047144 /;0;1;1
5271;Kolekcja Kakao - Miś 30cm;0;0;0
5254;Kolejkcja Silver - Królik 20cm  /045386/;0;1;1
1835;Kolejka, światło, b.o /003240/;0;0;0
1719;KOLEJKA Z TOREM B/O. /014009/                   618517;0;0;0
4274;KOLEJKA z torami /305074/;0;10;10
74178;Kolejka na baterie YJ88-25 110799;3;27;24
2031;Kolejka na baterie 589cm /G075500/970965/;3;4;1
3248;KOLEJKA na baterie /TG220668/813586/;12;17;5
2645;KOLEJKA NA BATERIE /MPF62240/   BLIST.   622409;0;0;0
1932;Kolejka na baterie /G057166/960140/;0;0;0
5558;Kolejka na baterie 819847;17;37;20
1330;Kolejka na baterie 612998;54;60;6
281;KOLEJKA B/O. Z TOREM  /013021/                  616087;0;0;0
5505;Kolejka b.o roty 201064;0;0;0
5190;Kolejka + Tory 302134;0;10;10
4389;Kolejka + 3 wagony 211988, 960773;5;24;19
1514;KOLEJKA /G2053/132140/;0;0;0
2631;KOLEJKA /G1023/110353/;0;0;0
1592;"KOLEJKA ""SZCZĘŚLIWY POCIĄG"" B/O. /G048689/      945291";5;6;1
3816;"KOLEJKA ""CLASSIC TRAIN"" B/O. /MPH15173/         151732";0;0;0
5310;Kolejka -ruchome zwierzątka ludzik, 3 wagony /TADY231/393944/;0;0;0
34217;KLOCKI ZESTAW śREDNI                            300255;0;1;1
4176;KLOCKI Z FIGURKĄ /302141/zrxp90010n/;0;0;0
24;KLOCKI ŚREDNIE /K2S/                            000055;0;1;1
62;KLOCKI sluban wojsko (121 el.) /G045278/;0;2;2
4518;Klocki Sluban Wojsko (103 el.) 406855;16;18;2
2193;Klocki sluban straż 58 el. 988274;1;1;0
4354;KLOCKI SLUBAN STRAż                            973706;0;0;0
4039;Klocki Sluban Policja (78 el.) 407043;10;16;6
204;Klocki Sluban Policja (126 el.) 957423;41;42;1
4092;Klocki Sluban Policja (106 el.) 407050;16;16;0
176;Klocki sluban miasto 94 el. 955214;20;20;0
1621;Klocki Sluban Miasto (172 el.) 406978;7;7;0
1663;Klocki Sluban Miasto (129 el.) 406961;9;9;0
4522;Klocki Sluban Miasto (119 el.) 406954;29;29;0
3067;Klocki Sluban Lotnisko (121 el.) /G088169/;0;1;1
3554;Klocki Sluban Lotnisko (120 el.) 406992;16;16;0
3516;Klocki Sluban Lotnisko (116 el.) 407005;14;14;0
2881;Klocki Sluban Klub Moto (164 el.) 406916;9;10;1
4526;Klocki Sluban Klub Moto (152 el.) 406893;22;23;1
4511;Klocki sluban klub moto (148 el.) 406879;13;13;0
4516;Klocki sluban klub moto (140 el.) 406886;9;9;0
612;Klocki sluban farma 103EL. 965701;8;9;1
78;Klocki sluban dziewczynka 99 el. 996576;0;8;8
60;Klocki sluban dziewczynka 29 el. 954873;4;4;0
1417;Klocki sluban dziewczynka 19 el. 98006;5;5;0
259;KLOCKI SLUB. BUS POLICJA 127EL. /G032479/       954880;0;0;0
2036;Klocki roboty (12 szt=display) 993278;0;0;0
208;Klocki policja commando 391902;14;36;22
756;KLOCKI MAŁE /K1BD/ WOREK DUŻY                   000031;1;5;4
2523;Klocki kosmiczne pojazdy /display 12sztuk/ 202719;56;60;4
4358;KLOCKI K2 MAłE                                  000895;0;6;6
3402;Klocki gwiezdne pojazdy /display 12szt/ 390097;200;212;12
605;KLOCKI FURGON POLIC. 206EL.(B1900)/G32482/      957348;0;6;6
3008;Klocki dziewczęce + auto 005817;20;26;6
4069;Klocki drewniane /JENGA/TG18485/870913/;0;1;1
1585;Klocki drewniane 0822784;0;0;0
614;KLOCKI DOMEK 149EL.(B0570) /G078215/            969914;0;0;0
4546;Klocki dom;0;1;1
3975;KLOCKI BUS STRAŻ POŻ. 83EL. NO.8057       34636,960595;0;0;0
10037;Klocki Bobo 50;6;4;-2
10043;Klocki Bobo 400;4;2;-2
12374;Klocki Bobo 300;4;2;-2
12373;Klocki Bobo 200;2;2;0
12372;Klocki Bobo 100;4;3;-1
970;Klocki baza policyjna, pojazdy, ludziki 203587;1;1;0
4023;KLOCKI AUTO POLIC.88EL. 54842;13;15;2
621;KLOCKI AUTO KAMPER 324EL.(B0566) /G078219/      969952;0;0;0
1926;Klocki 71szt 312638;11;11;0
5369;Klocki 54 el.  /544473/ MPD54447X;0;2;2
1892;Klocki 43szt 312621;12;12;0
28;KLOCKI 3 MAŁE /K3M/                             000161;0;0;0
1570;Klocki - Sluban Wojsko 175 el. 954644;6;13;7
3006;Klocki - Sluban Straż 175 el. 973751;11;12;1
3013;Klocki - Sluban Straż (269 el.) 988304;1;4;3
4070;Klocki - sluban straż (136 el.) 988298;10;10;0
4026;Klocki - Sluban Straż (118el.) /954729/;3;6;3
1571;Klocki - Sluban Policja 86 el. 957546;12;23;11
1697;Klocki - Sluban Policja (45 el.) /G032564/965572/;0;2;2
4024;Klocki - Sluban Policja (45 el.) /954835/;0;0;0
618;Klocki - Sluban Miasto Domek 204el. 969921;0;1;1
489;Klocki - Sluban Miasto 111 el. 955207;5;6;1
2402;Klocki - sluban miasto (105 el.) 955115;6;9;3
891;Klocki - Sluban Klub Moto (163 el) 406909;9;9;0
4025;Klocki - Sluban Formuła 1 ( 63 el.) /955153/;9;10;1
439;Klocki - Sluban Farma (170 el.) 970149;2;3;1
528;Klocki - Sluban Farma (165 el.) 973904;5;7;2
4029;Klocki - Sluban Farma (110el.) /973928/;7;8;1
1572;Klocki - Sluban Dziewczynka 78 el. 996637;19;21;2
1576;Klocki - Sluban Dziewczynka 195 el. 996712;4;4;0
1573;Klocki - Sluban Dziewczynka 158 el. 996644;7;7;0
1574;Klocki - Sluban Dziewczynka 102 el. 996569;11;15;4
842;Klocki - Sluban Budowlane 62 el. 957416;0;5;5
2516;KLOCKI - sluban budowlane (212 el.) 965237;0;3;3
5351;Klocki-Sluban Straż (74el. ) 955160;27;29;2
2648;Klocki-sluban straż (371 el.) 973706;0;0;0
2037;Klocki-sluban straż (136 el.) 988335;0;4;4
5352;Klocki-Sluban Miasto (85 el.)  /955177/;0;4;4
5348;Klocki-Sluban Miasto (167 el.) 969938;4;4;0
5347;Klocki-Sluban Farma (103 el.)   /965701/;0;1;1
5401;Klocki-przyssawki, duże elementy 395993;0;0;0
405;Klocki-Jixin Straż 943365;0;0;0
1407;Klocki-Jixin kolejka na baterie 904380;0;1;1
1512;Klocki-Jixin dom 943334;0;0;0
3493;KLOCK-Sluban wojsko (121 el.) /G032513/;0;0;0
3561;Kierownica na baterie 952732;0;8;8
3757;Kierownica na baterie 912415;0;0;0
5636;Kierownica na baterie 805895;11;18;7
1717;KIEROWNICA DUŻA Z LICZNIKIEM /384576/           845762;1;1;0
3016;KIEROWNICA B/O. ZWIERZATKA                      293744;0;0;0
472;KIBELEK-PIERDZĄCA MASA WKSZ. X24 /TG018493      670999;0;0;0
3107;Kasa z kalkulatorem /131884/;0;0;0
5540;Kasa z kalkulatorem 141418;3;4;1
34229;KASA NA BATERIE;0;6;6
34228;KASA FISKALNA;0;0;0
115;"KASA B/O.""C.REGISTER"" NO.66030  /G57114/        958536";0;0;0
2179;KASA  Z DZWIĘKAMI B/O. NO.34440 /G1003/         109326;0;0;0
3678;KARUZELKA NAD ŁÓŻECZKO-PLUSZAKI /MPJ90125/      901252;0;0;0
84;Karuzela dla dzieci 8301243;3;8;5
1023;Karty Piotruś Memo Despicable  /100368/;0;1;1
1989;"KARTY PIOTRUŚ ""NAPIĘKNIEJSZE BAJKI /Z3264/      002488";0;0;0
3359;KARTY PIOTRUŚ   X 20   (FAN)                    802019;40;37;-3
1022;Karty Piotrusie Memo Cars 3  /100351/;0;0;0
4063;Karty do gry 54 listki 121226;0;5;5
2813;Karty do gry 975649;19;19;0
4355;Karty do gry 302783;0;7;7
4411;Karty do gry 302141,878315,975663;94;135;41
531;KARTY DO GRY   / 975649 / ;0;0;0
1865;Karty Casino 2x55 listków 002631;24;24;0
3186;Karty 24 listki classic 102456;15;15;0
4064;Karty 24 listki  /000538/;0;0;0
5593;Karoca na baterie 880830;39;50;11
1581;KAROCA NA BATERIE  /MPI48129/                   481297;0;0;0
4295;KARETKA;0;0;0
5346;KARETA Z LALKĄ  /G075188,92/ 970743,996;0;0;0
3054;Kareta z konikiem i lalką333303, 000966, 203815;26;34;8
1852;Kareta z konikiem i lalką 48882,488848, 395627;0;3;3
4027;Kareta dla lalek /948186/;1;2;1
5373;Kareta /B753/133178/;0;0;0
3002;Kareta /963909/;0;4;4
5527;Kareta 799305;0;2;2
327;KARABIN Z ŁUKIEM W WORKU /TG218951/             872856;0;0;0
3222;Karabin z dźwiękiem /969987/;0;0;0
2885;Karabin wibracje, światło, dźwięk 312980;0;9;9
2780;Karabin wibracje, światło, dźwięk 312973;31;37;6
2190;Karabin terkotka karta 404290;12;17;5
4197;Karabin terkotka 809091;0;18;18
4409;KARABIN TERKOTKA                               879886\;0;47;47
4983;Karabin sygnałowy 822519;22;32;10
4576;Karabin sygnałowy 627627;14;26;12
471;KARABIN PUKAWKA Z LUNETĄ /266198/               661981;0;0;0
2484;KARABIN PUKAWKA CIEN.LUFA /MPA46350/      35089,463507;0;0;0
3187;Karabin pukawka 7381224, 47990,812244, 992526;20;124;104
4007;Karabin pukawka 479020,963213, 247909;49;105;56
5620;Karabin na wodę 133918;0;0;0
5383;Karabin na wodę /134281/;0;18;18
5381;Karabin na wodę /134078/;0;11;11
5382;Karabin na wodę /133970/;0;13;13
5384;Karabin na wodę /133864/;0;1;1
5385;Karabin na wodę /133826/;0;14;14
5386;Karabin na wodę /122318/;0;9;9
5615;Karabin na wodę 146741;0;10;10
5618;Karabin na wodę 146604;0;12;12
5619;Karabin na wodę 133970;0;4;4
5621;Karabin na wodę 133963;0;7;7
4408;Karabin na strzałki879879;0;19;19
224;Karabin na strzałki 823325;55;57;2
4404;KARABIN NA KULKI  /876977/;0;5;5
4414;KARABIN NA KULKI                                801644;0;12;12
4569;Karabin na baterie 014560;0;0;0
4329;KARABIN NA BATERIE                              117093;4;11;7
4143;Karabin Hukowy AK47 822502;0;4;4
4419;KARABIN HUKOWY                                  806144;14;29;15
75434;Karabin Gonher 137/6;2;0;-2
75432;Karabin Gonher 118/6;2;0;-2
75448;Karabin Gonher 1135/6;2;0;-2
227;KARABIN B/O. Z PASKIEM 09952,992755, 499751;1;56;55
5170;Karabin 993585;0;75;75
5166;Karabin 993219;0;32;32
4002;Karabin 973929;0;0;0
4463;Karabin 602335;2;13;11
4181;Karabin 375626;0;0;0
4293;KARABIN;0;13;13
4179;Karabik terkotka 800128;0;0;0
355;KAPELUSZ DZIEWCZYNKI 4KOL. /ZRPIE928/           055179;154;161;7
1801;Kalkulator /889855/;0;0;0
5011;Kalkulator 814323;3;0;-3
4320;Kalejdoskop /24szt displ/ 124138, 810196;0;0;0
1475;Kalejdoskop   /124145/;1;0;-1
1132;Kalambury obrazkowe mini /017861/;0;0;0
730;Kalambury mini 301300;13;15;2
735;Kalambury 301263;3;4;1
2942;KAJDANKI METAL Z FUTERKIEM  /Z2584/             962069;0;0;0
3360;KAJDANKI METAL  302707, 88663;0;104;104
4043;KACZUSZKA+MAŁA-PISZCZKI /6801/                  744028;2;3;1
1273;JOJO ZE ŚWIATŁEM /778847/;0;0;0
2209;JOJO ŚWIECĄCE 5wz /68584/;71;89;18
3127;Jojo 871750;0;0;0
15037;Jezdzik koparka;2;2;0
1678;Jelonek /144164/;1;1;0
753;Jeep z naczepą + auto048123;0;1;1
5380;JEEP WOJSKOWY Z PRZYCZEPĄ ORAZ ARMATĄ 46 CM /994018/;0;1;1
3772;JEEP POLICJA NA BATERIE MPD79972PUD. 997276, 872771;25;41;16
3072;JEEP PICK-UP DUŻY /340028/   KLOSZ              400282;0;0;0
130;JEEP CZARNY S.W.A.T. /111-1/    KLOSZ           004586;0;0;0
2198;JEEP 28CM. ŻÓŁTY   /93363/NC   KLOSZ            993363;0;0;0
1324;JEEP 28CM. 689-166  /60038/P   KLOSZ            960038;0;0;0
1619;JEEP + 2PRZYCZEPY Z DINOZAURAMI /44647/NC       244647;0;0;0
613;"JEEP ""POLICE CAR"" F/F.RADIO+ŁADOW. /Q1145/      098491";0;0;0
1456;Jednorożec ze światłem i masa /12 szt. w op./ 312102;0;12;12
71508;Jednorożec na biegunach - funkcje 801859;1;1;0
1073;Jaś i Małgosia Piotruś Pan  /324078/;0;0;0
5531;Jaszczury miękkie /12szt w displayu/ 203204;40;44;4
4115;Jakie to flagi-Mini 003994;0;0;0
1437;Jajo żółwia morskiego /display 12szt/ 393012;48;48;0
4118;Jajko z pająkiem /24 szt. w op./ 817607;0;28;28
2249;Jajko magiczne 12 szt. display 802061;0;0;0
4334;Jajko dinozaura rosnące /12 szt disp/390899, 390431;0;16;16
2978;Instrument muzyczny gitara 134021;0;5;5
10973;Huśtawka Kubełek;0;1;1
12493;Huśtawka deska;6;4;-2
2586;Hulajnoga 3-kołowa, 3 kol. 312409;4;4;0
2585;Hulajnoga 3-kołowa 312393;1;1;0
72582;Hula Hop 90 050278;0;17;17
72581;Hula Hop 80 050230;24;19;-5
72731;Hula Hop 70 050049;20;15;-5
72580;Hula Hop 60 050032;20;30;10
4010;Holownik w worku 006258;0;3;3
5314;Helikopter, św., dźw. /394316/;1;2;1
4211;Helikopter z dźwiękiem 93479/993479/;0;0;0
15298;Helikopter pchanka 122034;0;5;5
72998;Helikopter na baterie 11286-B/286-20 905578;32;19;-13
4206;HELIKOPTER NA BATERIE 993424, 401736;42;72;30
3953;Helikopter na baterie 400051;0;4;4
75576;Helikopter na baterie 022718;39;77;38
14458;HELIKOPTER NA BATERIE;0;0;0
74226;HELIKOPTER NA BATERIE;4;25;21
5065;Helikopter 025531;0;0;0
5626;Helikopter 963985;40;46;6
1165;Helikopter  św,dźw /997832/;0;6;6
1876;HELIKOPTER - NACIĄG SZNUREK  /015766/           609058;0;0;0
5659;Harmonijka ustna 24-tonowa 818475;86;104;18
142;Harmonijka 16 tonów 817599, 807509;0;0;0
2088;GWIZDEK PLASTIKOWY worek 12 sztuk393036;4;0;-4
2466;GWIZDEK PIŁKA NOŻNA /12szt/;0;0;0
453;Gumowe kaczuszki do kąpieli 4szt 303827;0;0;0
581;Guma do skakania /10 szt. w op./ 260069, 000316;59;29;-30
3102;Grzechotka, Gryzak - Żabka 395047;0;4;4
3103;Grzechotka, Gryzak - Słonik 395054;0;1;1
3929;Grzechotka, gryzak - rybka 395030;40;40;0
5508;Grzechotka zwierzęta /6 szt. w op./136377;0;0;0
2547;GRZECHOTKA z dźwiękiem 970828, 140060, 140053, 140046;3;26;23
3704;Grzechotka krowa 143931;0;0;0
3824;Grzechotka 6 wzorów 811858;100;109;9
2617;Grzechotka 4 rodzaje mix 201538;1;14;13
75565;Grzechotka (display Nr75) Wader 051455;0;24;24
75564;Grzechotka (display Nr74) Wader 051431;0;0;0
71520;"Grzechotka ""Truskawka"" 045614";24;24;0
72104;"Grzechotka ""Rumianek"" 045584";11;14;3
70413;"Grzechotka ""Jabłko"" 045607";12;12;0
70526;"Grzechotka ""Chaber"" 045591";14;14;0
1409;Grzechotka 820706;1;23;22
1327;Grzechotka 313031;2;17;15
1800;Grzechotka 140022;3;5;2
2996;Grzechotka - gryzak /12 szt w displayu/ 396273;0;0;0
943;Gryzak 929093;0;20;20
141;Gry 5 w 1 309119;0;2;2
2463;Granat z proszkiem kolorowym 817737;49;53;4
70294;Grabki duże plast 163414;21;14;-7
1654;Gra zręcznościowa krzesła 36 el. 997191;0;3;3
2836;Gra zręcznościowa /397768,398093/;0;0;0
5556;Gra zręcznościowa 819205;15;15;0
2258;Gra zręcznościowa - krzesła 18 el. 997177;0;0;0
566;GRA ZOSTAŃ STRAŻAKIEM     (FAN)                 802880;7;7;0
564;GRA ZOSTAŃ POLICJANTEM     (FAN)                802897;6;6;0
563;GRA ZOSTAŃ LEKARZEM     (FAN)                   802903;4;4;0
560;GRA ZOSTAŃ GWIAZDA  3GRY      (FAN)             803016;7;1;-6
549;GRA ZNAKI DROGOWE/LEŚNY TELEFON   (FAN)         802637;3;3;0
5113;Gra wodna rybki  /8 na blistrze/ 301328 ;0;1;1
5111;Gra wodna kierownica 301502;226;233;7
5112;Gra wodna   301496;0;0;0
5109;Gra wodna   301311;51;54;3
1220;Gra węże i drabiny 1441326;0;0;0
352;Gra węże 141340;2;2;0
598;GRA WARCABY & CHIŃCZYK  (FAN) 802194;20;1;-19
1665;Gra w Kości /800044/;14;14;0
1067;Gra w kamienie /272755/;0;0;0
586;GRA UŁÓŻ WYRAZY JUNIOR   (FAN)                  804075;4;4;0
589;GRA UŁÓŻ SZYFR KOLORY I FIGURY   (FAN)          804402;1;3;2
1331;Gra świat biznesu /800198/;8;10;2
1015;Gra Sylaby  /005888/;1;1;0
927;Gra statki /TAJT881/392299/;0;0;0
5342;Gra skaczące żabki j.polski 810356;18;18;0
3569;GRA SKACZĄCE KAPELUSIKI /NAKŁON/ 800112;6;7;1
5595;Gra Rzutki 35cm 830017;4;4;0
5220;Gra rybki /69758/;0;2;2
2426;Gra rybki 979852;60;60;0
4500;Gra rybki 872009;9;49;40
4510;Gra rybki 803864;0;1;1
4162;Gra rybki 695833;15;16;1
5635;Gra Rybki 583335;12;20;8
3875;Gra Rybki 401515;21;26;5
4281;GRA RYBKI  111695;0;49;49
4278;GRA RYBKI;0;2;2
1990;Gra rodzinna małpki 204157;0;1;1
5313;Gra rodzinna leśne przygody /TAN3015/393982/;0;0;0
1016;Gra przeciwieństwa - gra /004652/;5;5;0
5008;Gra prosta 0107923;203;91;-112
1080;Gra Planszowa Bartek;0;12;12
15297;Gra piłkarze 000011;8;0;-8
4055;Gra piłka nożna /125821/;0;0;0
571;GRA PAN DOKTOR  3GRY   /(FAN)                   802576;0;0;0
1131;Gra pamięć sówka mondra główka /018226/;0;0;0
116;Gra Memos ilustrowane 016116;1;1;0
3388;Gra Memos Frozen 016024;0;0;0
1134;Gra Memory /251393/;0;0;0
5544;Gra memory 140480;24;24;0
5162;Gra magnetyczna złap motyla 301014;0;0;0
148;Gra Magnetyczna Rybka, 3 kol 311808;46;48;2
2642;Gra magnetyczna 2w1 /301465/ZRJT849/;38;42;4
4123;Gra kurczak bierki 960360;14;14;0
1017;Gra kto silniejszy  /005796/;3;3;0
893;Gra koszyki siatka /display 12szt/404412;3;16;13
590;GRA GWIAZDY NA ZAKUPACH  2GRY    (FAN)          804365;0;0;0
3801;GRA GRZYBOBRANIE /NAKŁON/                       800167;11;12;1
2384;Gra elektroniczna 966740;0;64;64
3721;GRA ELEKTRONICZNA;0;0;0
568;GRA EDUK.WESOŁE ZAGADKI  2GRY    (FAN)          804020;2;2;0
585;GRA EDUK.MALI EKOLODZY  2GRY   (FAN)            804044;4;5;1
582;GRA EDUK.BEZPIECZNA DROGA  2GRY   (FAN)         804037;5;0;-5
595;Gra Deluxe Chińczyk/Warcaby 804105;5;5;0
5344;Gra chwiejna wieża j.polski /810370/TG220193/;0;3;3
384;GRA CHIŃCZYK+WARCABY  /NAKŁON/ 800181;2;4;2
311;Gra Bingo - 48 Kart, 90 numerów 202849;0;0;0
1014;Gra Bajkowi Ulubieńcy  /005758/;0;0;0
1005;Gra Alfabet  /003013/;0;0;0
2511;"GRA ""FIKAJĄCE MAŁPKI"" 398833";0;0;0
310;GRA-MAŁA SYRENKA /KRUK/                         051467;0;0;0
710;Góra i dól owoce warzywa - słonik balonik 301287;6;6;0
545;GNIOTEK szt. / x5  paczka/  850028;145;100;-45
74544;gniotek siatka szt. /12 paczka/;17;5;-12
71419;Gniotek siatka 7-7 świecące /display 12szt/TK485/7-7;0;0;0
71418;Gniotek siatka 7-3  /12szt displ/;0;29;29
3100;Głowa Lalki, W.BOX 393074;0;0;0
1229;Głowa do stylizacji /G1779/130818/;0;0;0
3931;GŁOWA DO CZESANIA /MPD67470/TG364173/     74705,879565;0;0;0
1580;GŁOWA DO CZESANIA /128242/;0;0;0
5009;Głowa do czesania 143887;0;1;1
5013;Głowa do czesania 143870;0;0;0
2926;GŁOWA DO CZESANIA-MUZYKA/ŚW. 009935, 619132;7;9;2
1749;Gluty tęczowe masa skacząca /24szt w displayu/ 818055;0;1;1
1830;Gluty świecące /12szt w displayu/ 818031;7;4;-3
3229;Gluty owoce /48 szt. w op./ 817966;2311;2444;133
4402;GLUTY oko /48szt display/807639;3;124;121
4401;GLUTY części ciała  /48szt displ/807615, 870982;469;470;1
1560;Gluty 24 szt. opakowanie 810554, 984115;168;0;-168
5021;Gluty-czesci ciała;0;0;0
5502;Gitara, 3 kol 308617;0;0;0
5550;Gitara ze św. i muzyką 960926;0;0;0
650;Gitara z muzyką i światłem 824230;0;0;0
2045;Gitara w pudełku 878988 ;3;5;2
3163;Gitara w etui 874713;70;88;18
5019;Gitara w etui 808384;12;26;14
1793;Gitara na baterie 817294;8;24;16
4450;Gitara mała 962841;0;26;26
1480;GITARA ELEKTR.50CM. W KARTONIE                  206038;0;0;0
4033;GITARA 992731;0;0;0
22074;Gitara 3 kolory;0;7;7
3456;Gitara /123919/;0;0;0
2436;Gitara 998440;0;0;0
5005;Gitara 800838, 276590;32;47;15
5567;Gitara 719024;0;15;15
5291;Gitara  /118823/;0;6;6
775;GITARA-DREWNO  /001310/                         607757;0;0;0
4275;GITARA;0;12;12
4444;Gierka wodna 301489;0;0;0
752;Gierka do Grania 300681;0;25;25
4096;GARAŻ /131600/;0;0;0
226;Gadżet rozrywkowy /display 24szt/ 403972;0;12;12
1681;Flet plastikowy 954002;0;3;3
1842;FLET DREWNIANY /U341/                           113293;0;0;0
5613;Flaming Pluszowy 817997;113;115;2
2999;"FIGURKA""EARTH TUTELARY"" NO.2011-13              909265, 448641";38;81;43
4397;FIGURKA ROBOT                                   212671;0;0;0
2661;"Figurka ""Earth Tutelary"" /6 szt. w op./300803";0;2;2
22657;FIGURKA ;0;23;23
4369;Fast food z hamburgerem pudełko 03729;12;14;2
667;Fast food kanapka na tacy plexi 403743;7;10;3
1538;Farma 141845;0;0;0
1035;Farba do malowania 6 kol. /TABV002/392862/;13;13;0
JC07;fajerwerki 6/1;2;6;4
P0002;Fajerwerki;1;6;5
4428;ESPER Akumulator AA 200mAh kolor;0;2;2
972;Elektroniczne zwierzątko 966306;0;5;5
5555;Ekspres do kawy 815733;9;11;2
3588;EDU Chińczyk Warcaby 803177;19;3;-16
3521;EDU Biznes City 802712;8;9;1
540;Edu Alfabet (Fan) /804006/;4;3;-1
5364;EDU 2+2  /804013/;5;3;-2
1266;Dźwig sterowany 121151;0;0;0
1768;Dźwig sterowany 117840;0;0;0
38;DZWONKI CHROM.27 TON                            000049;0;0;0
5057;Dzwig 247797;0;2;2
2033;Dwie Butelki - Mleko, sok 311921;12;16;4
4132;Dwa pistolety 132508;89;90;1
5277;Dwa pingwiny/126262/;0;0;0
3192;Dwa koniki 129539;0;5;5
723;Domino zegar300389;6;6;0
2282;Domino układanie słów /814415/;8;11;3
722;Domino symetryczne 300372;5;6;1
1728;Domino Samochody w starym stylu 301645;1;1;0
388;Domino samochody 301652;1;1;0
726;Domino rymy 300365;5;5;0
727;Domino matematyczne dodawanie i odejmowanie 300341;7;8;1
2738;"DOMEK Z LALKĄ 11,5"" /3089404/                   884048";0;0;0
4113;Domek z gongiem 105366;0;2;2
71293;Domek ogrodnika (w siatce) 013354;7;8;1
3108;Domek na baterie /117741/;0;0;0
3803;DOMEK EDUKACYJNY B/O. /G348/                    093373;0;0;0
71289;Domek dydaktyczny (w siatce) 006196;12;16;4
71388;Domek dla zwierząt (w siatce) 009166;7;8;1
2785;DOMEK DLA LALEK 305700;0;0;0
3983;"Domek dla lalek ""My family house"" + akc. 306125";3;4;1
3753;Domek dla lalek 306101;1;1;0
1539;DOMEK 3D  /MPC26506/                            265064;0;0;0
2795;DOMEK-PAŁAC+AKC. NO.CB888-9 ŚW.DZW. /Q2226      120727;0;0;0
5400;Doktor z akcesoriami, efekty świetlne 390653;11;12;1
3813;Dmuchanka Łódka Dziecieca 399717;28;28;0
2208;Dmuchane kółko do pływania - buźki 205499;10;12;2
4044;DINOZAURY MIĘKKIE 960223;0;0;0
1873;Dinozaury 8szt worek 403064;5;7;2
313;DINOZAUR/                                       142818;0;2;2
74457;DINOZAUR Z ROGAMI;0;8;8
5097;Dinozaur z jajkami św/dźw.216266;0;18;18
1025;DINOZAUR NA BIEGUNACH (DZWIĘK) /Z0733/          929895;1;0;-1
72871;Dinozaur na baterie 1012 895048;15;14;-1
5305;Dinozaur na baterie /515294/;0;7;7
YT1303;Diabły 6/50;0;2;2
YT1301;Diabełki 6/50;0;6;6
PXG105;Diabełki 6/50;0;1;1
CS12850;Diabełki 6/50;5;6;1
3518;Deskorolka, 6 wz. 312379;5;5;0
1357;Deskorolka plastik 807875;0;0;0
1737;"Deskorolka 42x13 cm; koła 48x28 mm 6302608";3;3;0
5586;Deska do prasowania 961820;3;5;2
649;Dentysta 136308;0;0;0
574;Deluxe szachy (Fan) 804099;0;1;1
5174;Czołg z napędem 981121;94;58;-36
1122;CZOŁG Z DZWIEKIEM  /KLX700-3A/   PUD.           004449;0;0;0
1799;CZOŁG NA RADIO  /MPB75435/                      754353;0;2;2
2371;Czołg 813746;24;31;7
4477;CZOłG                                          4231422;0;0;0
1072;Czerwony Kapturek Kot w butach  /324382/;0;0;0
841;Czepek silikonowy 47g 317077;28;30;2
3099;Czepek materiałowy 994343;36;39;3
72215;Czapka uszy;12;11;-1
478;Czajnik z naczyniami 094301;2;2;0
4492;Cymbałki341645;0;1;1
5599;Cymbałki 812619;51;52;1
4575;Cymbałki 800176;60;60;0
3169;Cymbałki 147984;0;0;0
4111;Cymbałki 136476;0;9;9
49;Cymbałki 003165;8;9;1
1568;Cyferki magnetyczne 402654;5;4;-1
3114;Cukierek na baterie 134229;4;8;4
1348;Co to? Tajemnicze cienie 301348;5;8;3
4191;Ciuchcia b&go światło, dźwięk 393197;0;6;6
4101;Ciężarówki 4szt + znaki 136933;3;3;0
1924;Ciężarówka z tramwajem  146260;0;12;12
3040;Ciężarówka z samochodami RC 300698;0;0;0
2824;CIĘŻARÓWKA Z KOPARKą 29CM. /596571/       65710,993318;0;0;0
2161;Ciężarówka z dźwigiem sterowana pilotem 614169;0;0;0
3487;Ciężarówka śmieciarka sterowana pilotem 096794;0;3;3
3185;Ciężarówka sterowana pilotem 142149;0;0;0
2254;Ciężarówka sterowana pilotem 128556;0;1;1
283;CIĘŻARÓWKA METAL 4WZ. /2211-4/  PUD.            066146;0;0;0
3851;Ciężarówka metal 1:55 014041;1;6;5
4100;Ciężarówka laweta+znaki 137510;1;1;0
5644;Ciężarówka laweta z traktorkiem 148578;21;21;0
2053;Ciężarówka laweta 146789;50;56;6
1782;CIĘŻARÓWKA CYSTERNA /93295/NC                   993295;0;0;0
4304;Ciężarówka car friction 35cm 300759;0;0;0
4324;Ciężarówka + Auta friction 300742;0;0;0
75566;Ciekawa Piramidka Nr3 (9 elem.) (w siatce) 052582;3;3;0
1328;Ciastolina zestaw 986034;0;0;0
2164;Ciastolina dinozaury /814637/;5;5;0
1734;CIASTOLINA 6 POJEMNIKÓW WKSZ. /025735/          621302;0;1;1
1730;CIASTOLINA 4 POJEMNIKI /G060434/                958178;0;0;0
3696;Ciastolina 12 szt. display 967491;0;0;0
1395;Ciastolina  zestaw 986034;0;0;0
1729;CIASTOLINA - ZESTAW /G044331/             40289,618357;0;0;0
2381;Chodzący żółwik nakręcanka /Display 12sztuk/ 399069;0;0;0
75575;Chodzące zwierzaki małe 895017;0;7;7
1064;Catch ball 18.5cm - łapacz  831878,963596,112753;64;64;0
480;Buty dla lalki 130085;0;56;56
5547;Buty dla lalki 124534;1;7;6
4420;BUTLA GAZOWA GLUTY  /24 w op/                            806953;0;0;0
639;Butik Bal 300457;2;2;0
5634;Butelka ze światłem i dźwiękiem 637519;29;31;2
1105;BUTELKA Z MLEKIEM /Q285/  BLISTER               081707;0;0;0
1986;Butelka na baterie 082506;0;5;5
71478;Bush babies strażnicy drzewa 230001;1;9;8
75451;Buda duża pies + dr 122;0;25;25
74455;BUDA DUżA DOKTOR 183 561974;2;40;38
14223;BUDA DUżA + DOKTOR 128;0;0;0
74225;buda duza + pies 121 561745;1;23;22
75405;Buda doktor pies 147795;0;0;0
74221;buda doktor kot 147801;0;9;9
5404;Buda 210673;0;1;1
74551;Broń karabin /60069/;0;28;28
4542;Brelok z latarką;0;4;4
885;Brelok Łapacz Snów /12szt karta/ 821338;0;0;0
185;Brelok latarka /display 12szt/ 991359;60;60;0
1509;Brelok Lalka / 12 szt. w op./815269;0;14;14
1759;Brelok laleczka /12szt w opakowaniu/ 821109;150;184;34
1881;Brelok flaming /12 szt. w op./814194;52;75;23
4076;Brelok flaming (12 szt. w op.) 997399;29;32;3
3311;Brelok flaming (12 szt. folia) 406190;0;0;0
473;Brelok Emotik x12 806991;0;12;12
3050;Brelok brązowy 815245;0;0;0
2656;Brelok Bobas / 12 szt. w op./407128;61;72;11
276;Brelok - Buźka - Latarka /display 12szt/ 302561;204;204;0
71268;Bransoletki Pluszowe komplet 2 sztuki 15cm 049322;9;9;0
2305;BRANSOLETKA LAMBADKA  X10                       00981;0;454;454
3727;Bramka z piłką 512359;27;27;0
4368;BRAMKA 120X65                                   69345;0;0;0
3698;Bobas w nosidle 396884, 964784, 815252;29;51;22
4338;BOBAS śPIEWAJąCY                                116782;0;1;1
604;Bobas Newborn 133147;0;1;1
75574;Bobas mały 112;0;4;4
75573;Bobas duży 118;0;2;2
511;Bobas Dorotka śpiewający i mówiący po polsku 116492;0;3;3
4341;BOBAS DOROTKA ŚPIEWAJĄCA I MÓWIĄCA              116829;0;0;0
4340;BOBAS DOROTKA ŚPIEWAJĄCA I MÓWIĄCA              116508;0;0;0
1985;BOBAS 30CM.- WEŁNIANE UBRANKO /1403/            870197;0;0;0
626;BMW 1:24 RADIO F/F.+ŁADOW. /Q2193/              120543;0;0;0
3949;Blender /6960728/ZR3212M/;11;11;0
533;Biżuteria 143603;3;6;3
3021;Biżuteria 143245;0;9;9
3970;"BILARD ""MINI POOL""   /G031876/                  918615";0;0;0
5102;Bilard   212961;0;0;0
3837;BIERKI /NAKŁON/ 800129;4;5;1
971;Bierki 300761;18;18;0
4416;Biedronka na baterie804706;0;17;17
71405;Bębenek na baterie 168-23 161999;54;26;-28
70058;BĘBENEK MAŁY /M/ 000353;19;48;29
70054;BĘBENEK DUŻY. /M/ 000162;16;53;37
3366;BĘBENEK DLA MALUCHA /306934/;0;7;7
5554;Bębenek 813654;6;9;3
5548;Bębenek 091867;0;3;3
4565;Bębenek 012269;0;0;0
4337;BęBENEK                                         091867;0;28;28
117;BEZPIECZNE NOŻYCZKI  /PB1703/                    08501;0;1;1
89;BEZPIECZNE CĄŻKI  /PB1718/                      085022;21;21;0
15655;Betoniarka;1;1;0
15658;Beczkowóz;1;1;0
14280;Bąk duży przezr.;40;6;-34
14377;Bąk duży malowany;46;76;30
2533;Bączek świecący 135912;0;0;0
875;BATERIE AG-13  1OP.=10SZT.;7;7;0
1292;BATERIA R6 PANASONIC  X 4SZT.;372;419;47
3925;BATERIA R6-OKTAN  X4   /60szt opak/ 171000;1210;420;-790
1646;BATERIA R03-OKTAN   X4                          170010;88;83;-5
4452;BATERIA PANASONIC R6L ALKALINE;121;661;540
4451;Bateria Panasonic R3L Alkaline;70;600;530
4425;BATERIA PANASONIC R03/TRAY (10sztuk);324;328;4
1290;Bateria /10szt / AG13 /1154;63;72;9
1291;Bateria / 10szt / AG10;8;18;10
5662;Basen tęcza 3 745221;5;5;0
5667;Basen Muchomorek 401058;4;4;0
5661;Basen 459240;8;8;0
5660;Basen 402390;5;5;0
15176;Bańki x24;0;35.4167;35.4167
5186;Bańki uśmiech /24szt displ/300871;0;0;0
14454;BAńKI STRAż + POLICJA;0;0;0
193;Bańki mydlane /display 24szt/ 411309;120;120;0
411;Bańki mydlane /display 16szt/ 587088;89;105;16
3844;Bańki mydlane /24szt opakowanie/137381;169;189;20
1510;Bańki mydlane 624788;3;53;50
4579;Bańki mydlane 094641;52;52;0
886;"BAŃKI MYDL. ""DINO""  X24 223385";0;26;26
74448;Bańki MY193Y-2 Koń Mały;21;17;-4
74483;Bańki MY10086Y-2 Muzyka;1;0;-1
74453;Bańki MY10080-2 Rozkładane;25;5;-20
3755;Bańki 12 szt. display 8133264;0;0;0
5159;Bańki - pałka 22 cm + bębenek z kulkami x12308693;0;0;0
14220;BAńKA PAłKA;0;0;0
2154;Bankowe jabłuszko - skarbonka / 000339/;34;37;3
3151;Banan antystresowy 5x13 cm /12 szt. w op./313185;0;0;0
1095;Bałwan grzechotka /135971/;0;0;0
1688;Bałwan /136350/;1;1;0
2276;Balony Wodne /display 24szt/ 411699;38;38;0
3116;Balony metalic 25 szt. 122837;7;12;5
3111;Balony metalic 20szt /122820/;17;17;0
3110;Balony Happy Birthday 10szt /122844/;31;31;0
1227;BALONY DO MODELOWANIA /100/ RURKI /558012/;0;0;0
774;Balony 411293;6;6;0
3513;BALON WALENTYNKOWY Z NADRUKIEM /OPK.20SZT/      831607;0;0;0
2080;BALON PIŁKA /25SZT/                             830327;0;0;0
597;"BALON METALIZOWANY 10"" MIX KOLOR                831584";0;0;0
1434;"BALON DEKORACYJNY 10"" JEDNOKOL. /100/";0;0;0
169;BALON DEKORACYJNY 10 (MIX KOLOR.)  /830105/;0;0;0
2551;Balon - samochód 205345;14;39;25
392;Balon - ludzik w masce 205390;0;0;0
75269;Bajkowy Księżyc z Misiem 33cm;0;2;2
71243;Bajkowe Sny - Zawieszka z dźwiękiem i dodatkami 049445;3;3;0
71258;Bajkowe Sny - sprężynka pluszowa z dodatkami 30cm 049438;6;6;0
71247;Bajkowe Sny - Pozytywka 18cm 049452;1;1;0
71143;Bajkowe Sny - Grzechotka z dźwiękiem 25cm 049469;2;2;0
71259;Bajkowe Sny - Grzechotka 18cm 049421;4;4;0
5268;Bajkowe Słoneczko 35 cm;0;2;2
1673;Badminton134816;3;3;0
5105;Badminton   301113;0;0;0
642;BADMINGTON 2RAKIETKI-POKROWIEC /64104/          964104;0;0;0
5267;Baby Krówka Siedząca z Grzechotką 16 cm;0;0;0
1058;Baby Classic Tomek i przyjaciele /360660/;0;0;0
3433;Autobusy SASC998-94/339142/;0;0;0
2075;Autobus na baterie 732528;49;59;10
1763;Autobus metalowy /24 szt. w op./6304091 ;1;0;-1
4497;AUTO/562752/;0;0;0
5072;Auto198012;71;76;5
989;Auto Zwierzak 24x22x7,3cm 312010;24;24;0
75046;Auto zestaw 1268;19;17;-2
802;Auto z dzwonkiem 37x34x10cm 312775;36;36;0
3658;Auto wywrotka 311532;2;3;1
2391;Auto wyścigowe friction 314915, 301312;24;26;2
1608;AUTO WYŚCIGOWE 303056;0;0;0
2986;Auto wózek widłowy 311488;6;6;0
5588;Auto wojskowe z lawetą + czołg 49 cm 306187;5;7;2
5589;Auto wojskowe laweta + helikopter 49 cm 306620;1;1;0
2296;Auto w skali 1:22 R/C 4W na baterie 960698;0;5;5
1890;Auto w pudełku (48 szt. w op.)403861;33;41;8
5185;Auto truck 304879;0;1;1
75572;Auto Transformer 644484;0;1;1
75510;Auto Transformer 0268035;0;27;27
515;Auto tir policyjny 992786;0;0;0
944;Auto tir laweta 2 poziomy + 8 autek budowlanych249185;0;0;0
138;Auto Terenowe RC, FF, 4x4, Amortyzatory, metal 307047;0;0;0
3283;Auto terenowe na radio 820119;0;0;0
3348;Auto śmieciarka269163;0;3;3
303;Auto śmieciarka display 12 szt. 995616;0;0;0
1708;AUTO ŚMIECIARKA 30CM. /MKE127525/KLOSZ    91840,275257;0;0;0
2756;AUTO ŚMIECIARKA /MPJ02119/  KLOSZ               021196;0;0;0
5349;Auto Śmieciarka (Światło, dźwięk)  /976202/;0;7;7
2667;Auto śmieciarka 311518;4;4;0
3441;Auto straż sterowana smartfonem 128570;0;0;0
1528;Auto straż pożarna 30CM 8795745, 957450, 872559;31;59;28
2615;AUTO STRAŻ POŻ.38CM.RUCH.DRABINA /ZM381/  089709 68604;0;0;0
2891;AUTO STRAŻ POŻ. 23CM 098134;75;101;26
5600;Auto straż na baterie j.polski 814279;33;33;0
1628;Auto straż 136353;0;0;0
5004;Auto straz na baterie 873525, 878117;5;44;39
5018;Auto straz na baterie;0;10;10
3178;Auto sterowane zegarkiem 140367;0;0;0
73924;Auto sterowane 1659045;0;0;0
4012;Auto sportowe 000744;0;0;0
3543;AUTO SPORT CAR RADIO+ŁADOW. /HL88843/           021353;0;0;0
347;AUTO SPORT 22CM. W WORKU /016380/               620756;0;0;0
234;Auto speed car RC 300728;0;1;1
67;Auto służby 148417;18;18;0
235;Auto Robot /display 8szt/ 410036;31;32;1
109;Auto Robot /display 8szt/ 410029;31;32;1
75571;Auto robot 580272;0;5;5
3157;Auto RC FF 300940;0;0;0
1142;AUTO RADIO F/F.ŚW.,ŁADOWARKA  /ZMZR2016A        208735;0;0;0
1204;AUTO PRZWROTKA WKSZ. B/O. 0971154;0;0;0
74219;Auto przewrotka stunt 999G-19A;54;52;-2
2570;AUTO PRZEWROTKA NO.138 /N1-138/                 000892;0;0;0
5350;Auto przewrotka na baterie /982319/;0;0;0
2440;Auto przewrotka 967778;58;87;29
1739;Auto przewrotka 630497;66;80;14
3881;Auto policyjne metalowe 014492;16;27;11
1788;AUTO POLICYJNE 25X16CM. /ZM648/  KLOSZ          070813;0;0;0
4433;AUTO POLICYJNE                                009344;0;0;0
4532;Auto policja z napędem światło + dźwięk;0;0;0
3635;Auto policja z napędem 23cm 404080;66;101;35
3679;Auto policja z napędem 980087;45;45;0
5336;Auto policja z napędem  /979012/;0;0;0
2225;Auto policja przewrotka 302899;0;0;0
5598;Auto policja na baterie j.polski 809893;26;28;2
3007;Auto policja 963893;1;28;27
5557;Auto policja 820089;0;9;9
4568;Auto policja 014270;0;6;6
4205;AUTO POLICJA                                    993325;0;0;0
4533;Auto pogotowie z napędem /015935/;5;3;-2
132;Auto pick up 133796;10;10;0
339;Auto niebieskie /box 48szt/ 403637;28;86;58
5374;Auto na baterie741557;15;31;16
2141;AUTO NA BATERIE ŚW.3D  /TG372885/               801941;0;0;0
72288;Auto na baterie FW-2033A Transf 0207935;98;85;-13
5359;Auto na baterie 4 wz /412158/;0;1;1
2505;Auto na baterie 961912;41;57;16
5642;Auto na baterie 960564;34;34;0
5643;Auto na baterie 960540;37;37;0
75623;Auto na baterie 0217589;9;25;16
75570;Auto na baterie 0217588;0;2;2
553;AUTO METAL OTW.DRZWI  /0304/BLISTER             081660;0;0;0
503;"Auto Metal 3"" /O382/115242/";0;0;0
4120;Auto malucha, 3 wz. 313215;23;23;0
4385;Auto Malucha 3wz 308082;0;4;4
3383;Auto laweta z dużym autem /993301/;0;0;0
3896;AUTO LAWETA Z AUTAMI BUDOWLANYMI 4 WZ. 25 CM /994025/;0;0;0
5358;Auto laweta policja + helikopter + 2 figurki 313233;0;5;5
833;Auto laweta 23cm + 3 auta 301336;10;10;0
3046;AUTO LAWETA + motor  TG219042/812916/;0;0;0
4163;Auto laweta + 6 autek 959029;0;1;1
1294;AUTO LAWETA + 4AUTA 225792;0;12;12
832;Auto laweta + 3 quady807065;0;0;0
2677;Auto laweta + 3 auta718221;0;0;0
2257;Auto laweta 978008;0;0;0
2196;Auto laweta 909880;0;5;5
4142;Auto Laweta 871743;31;31;0
2421;Auto Laweta 800418;62;63;1
5230;Auto laweta - truck quady   302998;0;2;2
4155;Auto laweta - pomoc drogowa 303124;0;0;0
5001;Auto laweta;0;0;0
5136;Auto lampart na baterie;0;1;1
2236;Auto Kopyrtek 874461, 0050458;87;44;-43
2953;Auto koparko - spychacz 311525;4;5;1
3661;Auto koparko - ładowarka 311495;4;5;1
3789;Auto koparka 311471;1;1;0
459;AUTO KONTENER 27CM. 2KOL.  O/D                  336339;0;0;0
2351;Auto karetka na baterie 807073                ;36;36;0
1403;Auto jeździ po ścianie 300216;0;0;0
304;Auto jeep na baterie pudełko 403040;2;21;19
920;Auto jeep laweta + helikopter283586;0;0;0
3492;Auto jeep 4szt blister 403828;4;6;2
5198;Auto holownik 30 cm, światło, dzwięk 392114;0;2;2
2344;Auto Friction z lawetą i pojazdem 301275;15;15;0
4323;AUTO FRICTION 300087;11;21;10
1650;Auto Formula F1 ze światłem i głosem 3kol 309157;6;6;0
5590;Auto F1 47 cm 303391;0;0;0
2904;"AUTO F/F ""EXCITER"" + ŁADOW. /HL259420/          029281";0;2;2
421;Auto dla malucha z kulką /display 6szt/403262;17;20;3
112;Auto czerwone-metal 12cm, Światło, Dźwięk 300209;9;5;-4
5638;Auto camper dla malucha /display 12szt/404382;16;20;4
805;Auto Budowlane Podwójne 313451;21;24;3
837;Auto budowlane 2wz 312003;18;18;0
15377;Auto budowlane;58;1;-57
3894;AUTO BETONIARKA 31CM.  /91277/NC                991277;0;0;0
1594;AUTO BETONIARKA /91956/NC  KLOSZ                991956;0;0;0
1450;Auto betoniarka 311501;5;5;0
337;AUTO B/O. STAWIAJĄCE KLOCKI /010488A/           817534;0;1;1
4121;Auto B&GO 23 cm. światło 311952;2;19;17
5562;Auto ambulans na baterie 142071;0;20;20
4257;Auto 93349 /993479/;1;0;-1
4004;Auto 742939;0;0;0
801;Auto 40x34x10cm 312850;21;23;2
4203;AUTO 32CM                                       992212;0;0;0
1629;AUTO 22CM. POGOTOWIE  /181632/    KLOSZ         816320;0;0;0
5071;Auto 197749;49;53;4
5376;Auto /993974/;0;1;1
4521;AUTO /895757/;0;0;0
4491;AUTO /7485516/;0;0;0
4515;AUTO /715495/;0;0;0
5204;Auto /633036/;0;0;0
5205;Auto /549353/;0;3;3
4495;AUTO /535185/;0;0;0
5283;Auto /124794/;0;0;0
529;"AUTO ""SONIC 2""  23CM. /Q2371/ 3KOL.WOREK        116225";0;0;0
5592;Auto 894502;18;19;1
4507;Auto 776981;12;22;10
4498;AUTO 7314660;0;1;1
807;Auto 727212;0;0;0
4506;AUTO 698040, 993325;5;0;-5
5552;Auto 498041;0;4;4
5526;Auto 412424;19;30;11
860;Auto 367937;1;0;-1
4501;AUTO 290340;25;44;19
4166;Auto 250891;17;41;24
5279;Auto 124657;0;13;13
5551;Auto 103321;12;20;8
771;Auto 02963;0;0;0
5355;Auto  /391090/;0;0;0
5356;Auto  /262715/;0;0;0
5290;Auto  /123889/;0;0;0
5050;Auto   /816277/;0;0;0
4502;AUTO   /712809/;0;0;0
4483;AUTO                                           700141;0;0;0
4480;AUTO;0;0;0
556877;AUTO;0;0;0
4296;AUTO;0;0;0
5051;Auto;0;0;0
5048;Auto;1;2;1
3694;Autko z oczami /display 12szt/ 403989;29;29;0
640;AUTKO Z MUZYKĄ I ŚWIATŁEM /MPE54835/  PUD.      548358;0;0;0
3282;Autko śmierciarka w worku 30cm 798791;54;60;6
14218;AUTKO PRZEWROTKA   /1525/;0;0;0
4147;Autko metal z oczkami /display 12szt/401763;108;98;-10
2422;AUTKO METAL WYŚCIGOWE 1:43 /Q2309/  PUD.        113514, 397010;0;0;0
2069;AUTKO JEEP NO.336 /988698/  WOREK               886981;0;0;0
3405;AUTKO JEEP 19CM.4KOL. /392525/                  925259;0;0;0
297;Autko dla malucha służby /display 12szt/403330;10;42;32
291;Autko budowlane dla malucha /display 8szt/ 04191;0;4;4
899;AUTKO BUDOWL.4WZ. W WORKU /556877/              568775;0;0;0
1815;AUTKO 17CM W WORKU  425000;96;92;-4
48;AUTKO 12CM. W WORKU /8680833/                   808333;0;0;0
1596;Autko 1:64 099580;0;0;0
4566;Autko 014096;0;14;14
4567;Autko 014089;0;9;9
75047;Autka zestaw 01-4;10;11;1
5315;Autka z ludzikiem, friction /004735/;0;0;0
1524;Autka metal, otw. dzwi 960124;12;14;2
105;AUTKA METAL OTW.DRZWI  X24 BOX /294/ 054145;0;0;0
3230;Autka metal 5 sztuk 009337;119;127;8
3270;Autka 10 sztuk 008132, 106103;0;4;4
3207;Auta 4szt blister 402333;33;33;0
4303;Auta 10szt blister, pullback 300094, 809824;33;34;1
86;ASPIRATOR DO NOSKA  /PB1302/                    085084;40;40;0
912;Artykuł rozrywkowy glut /display 12szt/ 405742;0;26;26
2195;Art. rozrywkowy płyn galaktyczny  X48 925934;0;0;0
652;Art. rozrywkowy gluty z insektami /48szt displ/807769;0;0;0
968;Art. rozrywkowy glut świnka 12 szt. disp. 983903  983910;0;4;4
5669;Art. Rozrywkowy glut owoc /display 18szt/ 9405667;348;360;12
4362;Art. Rozrywkowy glut owad /48 szt w displayu/ 984023 ;177;142;-35
1564;Art. rozrywkowy glut jajko 12 szt. display 983903;0;0;0
4235;Art. Rozrywkowy glut /display 12szt/ 412290;48;81;33
4153;Art. Rozrywkowy Glut /display 12szt/ 412276;48;88;40
2071;Art. rozrywkowy glut /24szt w display/ 405728;0;0;0
2070;Art. rozrywkowy glut /18szt display/ 405681;0;1;1
5175;Art. rozrywkowe smoła (display 24 szt.);0;0;0
1449;Art. rozryw. gluty owoce /12 szt. w op./ 817973;338;370;32
5022;Art. rozryw. gluty owoce / 24 szt. w op./ 808155, 815757;102;736;634
1916;Art. Rozr. Gluty /display 24szt/ 822908;288;288;0
1300;Art. Roz. Gluty /24szt display/ 822892;141;159;18
5371;Aparat na baterie  81776, 083626;4;8;4
2133;Aparat na bańki dinozaur 200890;0;0;0
4528;Aparat do robienia baniek;0;0;0
111;Aparat do baniek transformers /display 12szt/ 015053;46;60;14
316;Aparat do baniek Spiderman /display 12szt/ 523012;58;60;2
4041;Aparat do baniek Shimmer Shine /display 12szt/ 011048;65;83;18
348;Aparat do baniek Paw Patrol /12szt display/ 011031;7;12;5
110;Aparat do baniek My Little pony /display 12szt/ 015046;61;63;2
897;Aparat do baniek Frozen /12szt display/ 532749;120;120;0
290;Aparat do baniek Cars /display 12szt/ 522749;48;48;0
315;Aparat do baniek Avengers /display 12szt/ 540767;29;30;1
4040;Aparat do  baniek Paw Patrol /display 12szt/ 011024;122;142;20
5563;Ambulans 30cm 302868;0;9;9
174;AMBULANS 27 cm, otw drzwi /SA3766A/;0;0;0
75569;Ambulance 732526;0;6;6
5275;Akcesoria dla lalek  /126866/;0;13;13
4534;Akcesoria dla lalek - buty 809022, 989790;0;3;3
257;6 Autek 7cm wys. Koła 300032;0;0;0
4107;6 aut 132553;0;0;0
3676;5 pojazdów 136568;0;1;1
137;5 Funkcyjna Ciężarówka Budowlana R/C z akumulatorem, USB 309812;5;6;1
2903;5 Funkcji R/C Auto z muzyką i światłem (charger, USB) 301060;1;4;3
4127;4 zwierzęta zestaw 313093;10;11;1
446;4 Funkcyjny samolot R/C ze światłem i muzyką 309539;0;2;2
139;4 Funkcyjny Samochód Wyścigowy ze światłem 1:20 309775;9;17;8
5549;4 funkcyjny samochód R/C otwierane drzwi 1:24 309782;10;18;8
136;4 funkcyjny Jeep R/C z głosem i ładowarką 309805;1;2;1
4124;3 dinozaury w worku zestaw 313109;30;34;4
731;25 Gier 301256;1;5;4
5131;2 koniki + zagroda 125104;0;1;1
732;15 Gier 301270;5;6;1
3601;"""Zośka 55 mm 302585";0;0;0
71283;"""Tioma"", samochód-wywrotka 033253";25;45;20
71285;"""Tioma"", samochód-straż pożarna 033284";14;24;10
72912;"""Tioma"", samochód-komunalny 033291";16;21;5
72690;"""Tioma"", samochód-ewakuator";5;6;1
71284;"""Tioma"", samochód-betoniarka 033260";15;18;3
71374;"""Prestiż"", śmieciarka 071743";0;0;0
71387;"""Majster"", traktor-koparka wojskowy 049285";10;15;5
71288;"""Majster"", traktor-koparka 035318";6;8;2
71280;"""Leon"", samochód-straż pożarna 052889";0;4;4
71281;"""Leon"", samochód-komunalny 052896";0;5;5
71279;"""Kiesza"", samochód-wywrotka sorter 046529";12;20;8
71282;"""Faworyt"", samochód-wywrotka + Klocki ""Budowniczy"" (17 elem.) 004239";11;13;2
71231;"""Baby Gripcar"" - ""Słoniątko"" 038241";0;0;0
71295;"""Baby Gripcar"" - ""Samochód"" 038203";0;1;1
71298;"""Baby Gripcar"" - ""Królik"" 038234";1;1;0
71297;"""Baby Gripcar"" - ""Ciężarówka"" 038227";0;1;1
4313;"""AUTA"" SPORTOWE 2WZ. /192   300353  ZM826-105-107";0;0;0
4310;"""AUTA"" PICKUP 2WZ. /192    300346   ZM826-104-106";0;0;0
